000001.jpg 1 34 32 108 154  
000002.jpg 1 34 32 108 154  
000003.jpg 1 34 32 108 154  
000004.jpg 1 34 32 108 154  
000005.jpg 1 34 32 108 154  
000006.jpg 1 34 32 108 154  
000007.jpg 1 34 32 108 154  
000008.jpg 1 34 32 108 154  
000009.jpg 1 34 32 108 154  
000010.jpg 1 34 32 108 154  
000011.jpg 1 34 32 108 154  
000012.jpg 1 34 32 108 154  
000013.jpg 1 34 32 108 154  
000014.jpg 1 34 32 108 154  
000015.jpg 1 34 32 108 154  
000016.jpg 1 34 32 108 154  
000017.jpg 1 34 32 108 154  
000018.jpg 1 34 32 108 154  
000019.jpg 1 34 32 108 154  
000020.jpg 1 34 32 108 154  
000021.jpg 1 34 32 108 154  
000022.jpg 1 34 32 108 154  
000023.jpg 1 34 32 108 154  
000024.jpg 1 34 32 108 154  
000025.jpg 1 34 32 108 154  
000026.jpg 1 34 32 108 154  
000027.jpg 1 34 32 108 154  
000028.jpg 1 34 32 108 154  
000029.jpg 1 34 32 108 154  
000030.jpg 1 34 32 108 154  
000031.jpg 1 34 32 108 154  
000032.jpg 1 34 32 108 154  
000033.jpg 1 34 32 108 154  
000034.jpg 1 34 32 108 154  
000035.jpg 1 34 32 108 154  
000036.jpg 1 34 32 108 154  
000037.jpg 1 34 32 108 154  
000038.jpg 1 34 32 108 154  
000039.jpg 1 34 32 108 154  
000040.jpg 1 34 32 108 154  
000041.jpg 1 34 32 108 154  
000042.jpg 1 34 32 108 154  
000043.jpg 1 34 32 108 154  
000044.jpg 1 34 32 108 154  
000045.jpg 1 34 32 108 154  
000046.jpg 1 34 32 108 154  
000047.jpg 1 34 32 108 154  
000048.jpg 1 34 32 108 154  
000049.jpg 1 34 32 108 154  
000050.jpg 1 34 32 108 154  
000051.jpg 1 34 32 108 154  
000052.jpg 1 34 32 108 154  
000053.jpg 1 34 32 108 154  
000054.jpg 1 34 32 108 154  
000055.jpg 1 34 32 108 154  
000056.jpg 1 34 32 108 154  
000057.jpg 1 34 32 108 154  
000058.jpg 1 34 32 108 154  
000059.jpg 1 34 32 108 154  
000060.jpg 1 34 32 108 154  
000061.jpg 1 34 32 108 154  
000062.jpg 1 34 32 108 154  
000063.jpg 1 34 32 108 154  
000064.jpg 1 34 32 108 154  
000065.jpg 1 34 32 108 154  
000066.jpg 1 34 32 108 154  
000067.jpg 1 34 32 108 154  
000068.jpg 1 34 32 108 154  
000069.jpg 1 34 32 108 154  
000070.jpg 1 34 32 108 154  
000071.jpg 1 34 32 108 154  
000072.jpg 1 34 32 108 154  
000073.jpg 1 34 32 108 154  
000074.jpg 1 34 32 108 154  
000075.jpg 1 34 32 108 154  
000076.jpg 1 34 32 108 154  
000077.jpg 1 34 32 108 154  
000078.jpg 1 34 32 108 154  
000079.jpg 1 34 32 108 154  
000080.jpg 1 34 32 108 154  
000081.jpg 1 34 32 108 154  
000082.jpg 1 34 32 108 154  
000083.jpg 1 34 32 108 154  
000084.jpg 1 34 32 108 154  
000085.jpg 1 34 32 108 154  
000086.jpg 1 34 32 108 154  
000087.jpg 1 34 32 108 154  
000088.jpg 1 34 32 108 154  
000089.jpg 1 34 32 108 154  
000090.jpg 1 34 32 108 154  
000091.jpg 1 34 32 108 154  
000092.jpg 1 34 32 108 154  
000093.jpg 1 34 32 108 154  
000094.jpg 1 34 32 108 154  
000095.jpg 1 34 32 108 154  
000096.jpg 1 34 32 108 154  
000097.jpg 1 34 32 108 154  
000098.jpg 1 34 32 108 154  
000099.jpg 1 34 32 108 154  
000100.jpg 1 34 32 108 154  
000101.jpg 1 34 32 108 154  
000102.jpg 1 34 32 108 154  
000103.jpg 1 34 32 108 154  
000104.jpg 1 34 32 108 154  
000105.jpg 1 34 32 108 154  
000106.jpg 1 34 32 108 154  
000107.jpg 1 34 32 108 154  
000108.jpg 1 34 32 108 154  
000109.jpg 1 34 32 108 154  
000110.jpg 1 34 32 108 154  
000111.jpg 1 34 32 108 154  
000112.jpg 1 34 32 108 154  
000113.jpg 1 34 32 108 154  
000114.jpg 1 34 32 108 154  
000115.jpg 1 34 32 108 154  
000116.jpg 1 34 32 108 154  
000117.jpg 1 34 32 108 154  
000118.jpg 1 34 32 108 154  
000119.jpg 1 34 32 108 154  
000120.jpg 1 34 32 108 154  
000121.jpg 1 34 32 108 154  
000122.jpg 1 34 32 108 154  
000123.jpg 1 34 32 108 154  
000124.jpg 1 34 32 108 154  
000125.jpg 1 34 32 108 154  
000126.jpg 1 34 32 108 154  
000127.jpg 1 34 32 108 154  
000128.jpg 1 34 32 108 154  
000129.jpg 1 34 32 108 154  
000130.jpg 1 34 32 108 154  
000131.jpg 1 34 32 108 154  
000132.jpg 1 34 32 108 154  
000133.jpg 1 34 32 108 154  
000134.jpg 1 34 32 108 154  
000135.jpg 1 34 32 108 154  
000136.jpg 1 34 32 108 154  
000137.jpg 1 34 32 108 154  
000138.jpg 1 34 32 108 154  
000139.jpg 1 34 32 108 154  
000140.jpg 1 34 32 108 154  
000141.jpg 1 34 32 108 154  
000142.jpg 1 34 32 108 154  
000143.jpg 1 34 32 108 154  
000144.jpg 1 34 32 108 154  
000145.jpg 1 34 32 108 154  
000146.jpg 1 34 32 108 154  
000147.jpg 1 34 32 108 154  
000148.jpg 1 34 32 108 154  
000149.jpg 1 34 32 108 154  
000150.jpg 1 34 32 108 154  
000151.jpg 1 34 32 108 154  
000152.jpg 1 34 32 108 154  
000153.jpg 1 34 32 108 154  
000154.jpg 1 34 32 108 154  
000155.jpg 1 34 32 108 154  
000156.jpg 1 34 32 108 154  
000157.jpg 1 34 32 108 154  
000158.jpg 1 34 32 108 154  
000159.jpg 1 34 32 108 154  
000160.jpg 1 34 32 108 154  
000161.jpg 1 34 32 108 154  
000162.jpg 1 34 32 108 154  
000163.jpg 1 34 32 108 154  
000164.jpg 1 34 32 108 154  
000165.jpg 1 34 32 108 154  
000166.jpg 1 34 32 108 154  
000167.jpg 1 34 32 108 154  
000168.jpg 1 34 32 108 154  
000169.jpg 1 34 32 108 154  
000170.jpg 1 34 32 108 154  
000171.jpg 1 34 32 108 154  
000172.jpg 1 34 32 108 154  
000173.jpg 1 34 32 108 154  
000174.jpg 1 34 32 108 154  
000175.jpg 1 34 32 108 154  
000176.jpg 1 34 32 108 154  
000177.jpg 1 34 32 108 154  
000178.jpg 1 34 32 108 154  
000179.jpg 1 34 32 108 154  
000180.jpg 1 34 32 108 154  
000181.jpg 1 34 32 108 154  
000182.jpg 1 34 32 108 154  
000183.jpg 1 34 32 108 154  
000184.jpg 1 34 32 108 154  
000185.jpg 1 34 32 108 154  
000186.jpg 1 34 32 108 154  
000187.jpg 1 34 32 108 154  
000188.jpg 1 34 32 108 154  
000189.jpg 1 34 32 108 154  
000190.jpg 1 34 32 108 154  
000191.jpg 1 34 32 108 154  
000192.jpg 1 34 32 108 154  
000193.jpg 1 34 32 108 154  
000194.jpg 1 34 32 108 154  
000195.jpg 1 34 32 108 154  
000196.jpg 1 34 32 108 154  
000197.jpg 1 34 32 108 154  
000198.jpg 1 34 32 108 154  
000199.jpg 1 34 32 108 154  
000200.jpg 1 34 32 108 154  
000201.jpg 1 34 32 108 154  
000202.jpg 1 34 32 108 154  
000203.jpg 1 34 32 108 154  
000204.jpg 1 34 32 108 154  
000205.jpg 1 34 32 108 154  
000206.jpg 1 34 32 108 154  
000207.jpg 1 34 32 108 154  
000208.jpg 1 34 32 108 154  
000209.jpg 1 34 32 108 154  
000210.jpg 1 34 32 108 154  
000211.jpg 1 34 32 108 154  
000212.jpg 1 34 32 108 154  
000213.jpg 1 34 32 108 154  
000214.jpg 1 34 32 108 154  
000215.jpg 1 34 32 108 154  
000216.jpg 1 34 32 108 154  
000217.jpg 1 34 32 108 154  
000218.jpg 1 34 32 108 154  
000219.jpg 1 34 32 108 154  
000220.jpg 1 34 32 108 154  
000221.jpg 1 34 32 108 154  
000222.jpg 1 34 32 108 154  
000223.jpg 1 34 32 108 154  
000224.jpg 1 34 32 108 154  
000225.jpg 1 34 32 108 154  
000226.jpg 1 34 32 108 154  
000227.jpg 1 34 32 108 154  
000228.jpg 1 34 32 108 154  
000229.jpg 1 34 32 108 154  
000230.jpg 1 34 32 108 154  
000231.jpg 1 34 32 108 154  
000232.jpg 1 34 32 108 154  
000233.jpg 1 34 32 108 154  
000234.jpg 1 34 32 108 154  
000235.jpg 1 34 32 108 154  
000236.jpg 1 34 32 108 154  
000237.jpg 1 34 32 108 154  
000238.jpg 1 34 32 108 154  
000239.jpg 1 34 32 108 154  
000240.jpg 1 34 32 108 154  
000241.jpg 1 34 32 108 154  
000242.jpg 1 34 32 108 154  
000243.jpg 1 34 32 108 154  
000244.jpg 1 34 32 108 154  
000245.jpg 1 34 32 108 154  
000246.jpg 1 34 32 108 154  
000247.jpg 1 34 32 108 154  
000248.jpg 1 34 32 108 154  
000249.jpg 1 34 32 108 154  
000250.jpg 1 34 32 108 154  
000251.jpg 1 34 32 108 154  
000252.jpg 1 34 32 108 154  
000253.jpg 1 34 32 108 154  
000254.jpg 1 34 32 108 154  
000255.jpg 1 34 32 108 154  
000256.jpg 1 34 32 108 154  
000257.jpg 1 34 32 108 154  
000258.jpg 1 34 32 108 154  
000259.jpg 1 34 32 108 154  
000260.jpg 1 34 32 108 154  
000261.jpg 1 34 32 108 154  
000262.jpg 1 34 32 108 154  
000263.jpg 1 34 32 108 154  
000264.jpg 1 34 32 108 154  
000265.jpg 1 34 32 108 154  
000266.jpg 1 34 32 108 154  
000267.jpg 1 34 32 108 154  
000268.jpg 1 34 32 108 154  
000269.jpg 1 34 32 108 154  
000270.jpg 1 34 32 108 154  
000271.jpg 1 34 32 108 154  
000272.jpg 1 34 32 108 154  
000273.jpg 1 34 32 108 154  
000274.jpg 1 34 32 108 154  
000275.jpg 1 34 32 108 154  
000276.jpg 1 34 32 108 154  
000277.jpg 1 34 32 108 154  
000278.jpg 1 34 32 108 154  
000279.jpg 1 34 32 108 154  
000280.jpg 1 34 32 108 154  
000281.jpg 1 34 32 108 154  
000282.jpg 1 34 32 108 154  
000283.jpg 1 34 32 108 154  
000284.jpg 1 34 32 108 154  
000285.jpg 1 34 32 108 154  
000286.jpg 1 34 32 108 154  
000287.jpg 1 34 32 108 154  
000288.jpg 1 34 32 108 154  
000289.jpg 1 34 32 108 154  
000290.jpg 1 34 32 108 154  
000291.jpg 1 34 32 108 154  
000292.jpg 1 34 32 108 154  
000293.jpg 1 34 32 108 154  
000294.jpg 1 34 32 108 154  
000295.jpg 1 34 32 108 154  
000296.jpg 1 34 32 108 154  
000297.jpg 1 34 32 108 154  
000298.jpg 1 34 32 108 154  
000299.jpg 1 34 32 108 154  
000300.jpg 1 34 32 108 154  
000301.jpg 1 34 32 108 154  
000302.jpg 1 34 32 108 154  
000303.jpg 1 34 32 108 154  
000304.jpg 1 34 32 108 154  
000305.jpg 1 34 32 108 154  
000306.jpg 1 34 32 108 154  
000307.jpg 1 34 32 108 154  
000308.jpg 1 34 32 108 154  
000309.jpg 1 34 32 108 154  
000310.jpg 1 34 32 108 154  
000311.jpg 1 34 32 108 154  
000312.jpg 1 34 32 108 154  
000313.jpg 1 34 32 108 154  
000314.jpg 1 34 32 108 154  
000315.jpg 1 34 32 108 154  
000316.jpg 1 34 32 108 154  
000317.jpg 1 34 32 108 154  
000318.jpg 1 34 32 108 154  
000319.jpg 1 34 32 108 154  
000320.jpg 1 34 32 108 154  
000321.jpg 1 34 32 108 154  
000322.jpg 1 34 32 108 154  
000323.jpg 1 34 32 108 154  
000324.jpg 1 34 32 108 154  
000325.jpg 1 34 32 108 154  
000326.jpg 1 34 32 108 154  
000327.jpg 1 34 32 108 154  
000328.jpg 1 34 32 108 154  
000329.jpg 1 34 32 108 154  
000330.jpg 1 34 32 108 154  
000331.jpg 1 34 32 108 154  
000332.jpg 1 34 32 108 154  
000333.jpg 1 34 32 108 154  
000334.jpg 1 34 32 108 154  
000335.jpg 1 34 32 108 154  
000336.jpg 1 34 32 108 154  
000337.jpg 1 34 32 108 154  
000338.jpg 1 34 32 108 154  
000339.jpg 1 34 32 108 154  
000340.jpg 1 34 32 108 154  
000341.jpg 1 34 32 108 154  
000342.jpg 1 34 32 108 154  
000343.jpg 1 34 32 108 154  
000344.jpg 1 34 32 108 154  
000345.jpg 1 34 32 108 154  
000346.jpg 1 34 32 108 154  
000347.jpg 1 34 32 108 154  
000348.jpg 1 34 32 108 154  
000349.jpg 1 34 32 108 154  
000350.jpg 1 34 32 108 154  
000351.jpg 1 34 32 108 154  
000352.jpg 1 34 32 108 154  
000353.jpg 1 34 32 108 154  
000354.jpg 1 34 32 108 154  
000355.jpg 1 34 32 108 154  
000356.jpg 1 34 32 108 154  
000357.jpg 1 34 32 108 154  
000358.jpg 1 34 32 108 154  
000359.jpg 1 34 32 108 154  
000360.jpg 1 34 32 108 154  
000361.jpg 1 34 32 108 154  
000362.jpg 1 34 32 108 154  
000363.jpg 1 34 32 108 154  
000364.jpg 1 34 32 108 154  
000365.jpg 1 34 32 108 154  
000366.jpg 1 34 32 108 154  
000367.jpg 1 34 32 108 154  
000368.jpg 1 34 32 108 154  
000369.jpg 1 34 32 108 154  
000370.jpg 1 34 32 108 154  
000371.jpg 1 34 32 108 154  
000372.jpg 1 34 32 108 154  
000373.jpg 1 34 32 108 154  
000374.jpg 1 34 32 108 154  
000375.jpg 1 34 32 108 154  
000376.jpg 1 34 32 108 154  
000377.jpg 1 34 32 108 154  
000378.jpg 1 34 32 108 154  
000379.jpg 1 34 32 108 154  
000380.jpg 1 34 32 108 154  
000381.jpg 1 34 32 108 154  
000382.jpg 1 34 32 108 154  
000383.jpg 1 34 32 108 154  
000384.jpg 1 34 32 108 154  
000385.jpg 1 34 32 108 154  
000386.jpg 1 34 32 108 154  
000387.jpg 1 34 32 108 154  
000388.jpg 1 34 32 108 154  
000389.jpg 1 34 32 108 154  
000390.jpg 1 34 32 108 154  
000391.jpg 1 34 32 108 154  
000392.jpg 1 34 32 108 154  
000393.jpg 1 34 32 108 154  
000394.jpg 1 34 32 108 154  
000395.jpg 1 34 32 108 154  
000396.jpg 1 34 32 108 154  
000397.jpg 1 34 32 108 154  
000398.jpg 1 34 32 108 154  
000399.jpg 1 34 32 108 154  
000400.jpg 1 34 32 108 154  
000401.jpg 1 34 32 108 154  
000402.jpg 1 34 32 108 154  
000403.jpg 1 34 32 108 154  
000404.jpg 1 34 32 108 154  
000405.jpg 1 34 32 108 154  
000406.jpg 1 34 32 108 154  
000407.jpg 1 34 32 108 154  
000408.jpg 1 34 32 108 154  
000409.jpg 1 34 32 108 154  
000410.jpg 1 34 32 108 154  
000411.jpg 1 34 32 108 154  
000412.jpg 1 34 32 108 154  
000413.jpg 1 34 32 108 154  
000414.jpg 1 34 32 108 154  
000415.jpg 1 34 32 108 154  
000416.jpg 1 34 32 108 154  
000417.jpg 1 34 32 108 154  
000418.jpg 1 34 32 108 154  
000419.jpg 1 34 32 108 154  
000420.jpg 1 34 32 108 154  
000421.jpg 1 34 32 108 154  
000422.jpg 1 34 32 108 154  
000423.jpg 1 34 32 108 154  
000424.jpg 1 34 32 108 154  
000425.jpg 1 34 32 108 154  
000426.jpg 1 34 32 108 154  
000427.jpg 1 34 32 108 154  
000428.jpg 1 34 32 108 154  
000429.jpg 1 34 32 108 154  
000430.jpg 1 34 32 108 154  
000431.jpg 1 34 32 108 154  
000432.jpg 1 34 32 108 154  
000433.jpg 1 34 32 108 154  
000434.jpg 1 34 32 108 154  
000435.jpg 1 34 32 108 154  
000436.jpg 1 34 32 108 154  
000437.jpg 1 34 32 108 154  
000438.jpg 1 34 32 108 154  
000439.jpg 1 34 32 108 154  
000440.jpg 1 34 32 108 154  
000441.jpg 1 34 32 108 154  
000442.jpg 1 34 32 108 154  
000443.jpg 1 34 32 108 154  
000444.jpg 1 34 32 108 154  
000445.jpg 1 34 32 108 154  
000446.jpg 1 34 32 108 154  
000447.jpg 1 34 32 108 154  
000448.jpg 1 34 32 108 154  
000449.jpg 1 34 32 108 154  
000450.jpg 1 34 32 108 154  
000451.jpg 1 34 32 108 154  
000452.jpg 1 34 32 108 154  
000453.jpg 1 34 32 108 154  
000454.jpg 1 34 32 108 154  
000455.jpg 1 34 32 108 154  
000456.jpg 1 34 32 108 154  
000457.jpg 1 34 32 108 154  
000458.jpg 1 34 32 108 154  
000459.jpg 1 34 32 108 154  
000460.jpg 1 34 32 108 154  
000461.jpg 1 34 32 108 154  
000462.jpg 1 34 32 108 154  
000463.jpg 1 34 32 108 154  
000464.jpg 1 34 32 108 154  
000465.jpg 1 34 32 108 154  
000466.jpg 1 34 32 108 154  
000467.jpg 1 34 32 108 154  
000468.jpg 1 34 32 108 154  
000469.jpg 1 34 32 108 154  
000470.jpg 1 34 32 108 154  
000471.jpg 1 34 32 108 154  
000472.jpg 1 34 32 108 154  
000473.jpg 1 34 32 108 154  
000474.jpg 1 34 32 108 154  
000475.jpg 1 34 32 108 154  
000476.jpg 1 34 32 108 154  
000477.jpg 1 34 32 108 154  
000478.jpg 1 34 32 108 154  
000479.jpg 1 34 32 108 154  
000480.jpg 1 34 32 108 154  
000481.jpg 1 34 32 108 154  
000482.jpg 1 34 32 108 154  
000483.jpg 1 34 32 108 154  
000484.jpg 1 34 32 108 154  
000485.jpg 1 34 32 108 154  
000486.jpg 1 34 32 108 154  
000487.jpg 1 34 32 108 154  
000488.jpg 1 34 32 108 154  
000489.jpg 1 34 32 108 154  
000490.jpg 1 34 32 108 154  
000491.jpg 1 34 32 108 154  
000492.jpg 1 34 32 108 154  
000493.jpg 1 34 32 108 154  
000494.jpg 1 34 32 108 154  
000495.jpg 1 34 32 108 154  
000496.jpg 1 34 32 108 154  
000497.jpg 1 34 32 108 154  
000498.jpg 1 34 32 108 154  
000499.jpg 1 34 32 108 154  
000500.jpg 1 34 32 108 154  
000501.jpg 1 34 32 108 154  
000502.jpg 1 34 32 108 154  
000503.jpg 1 34 32 108 154  
000504.jpg 1 34 32 108 154  
000505.jpg 1 34 32 108 154  
000506.jpg 1 34 32 108 154  
000507.jpg 1 34 32 108 154  
000508.jpg 1 34 32 108 154  
000509.jpg 1 34 32 108 154  
000510.jpg 1 34 32 108 154  
000511.jpg 1 34 32 108 154  
000512.jpg 1 34 32 108 154  
000513.jpg 1 34 32 108 154  
000514.jpg 1 34 32 108 154  
000515.jpg 1 34 32 108 154  
000516.jpg 1 34 32 108 154  
000517.jpg 1 34 32 108 154  
000518.jpg 1 34 32 108 154  
000519.jpg 1 34 32 108 154  
000520.jpg 1 34 32 108 154  
000521.jpg 1 34 32 108 154  
000522.jpg 1 34 32 108 154  
000523.jpg 1 34 32 108 154  
000524.jpg 1 34 32 108 154  
000525.jpg 1 34 32 108 154  
000526.jpg 1 34 32 108 154  
000527.jpg 1 34 32 108 154  
000528.jpg 1 34 32 108 154  
000529.jpg 1 34 32 108 154  
000530.jpg 1 34 32 108 154  
000531.jpg 1 34 32 108 154  
000532.jpg 1 34 32 108 154  
000533.jpg 1 34 32 108 154  
000534.jpg 1 34 32 108 154  
000535.jpg 1 34 32 108 154  
000536.jpg 1 34 32 108 154  
000537.jpg 1 34 32 108 154  
000538.jpg 1 34 32 108 154  
000539.jpg 1 34 32 108 154  
000540.jpg 1 34 32 108 154  
000541.jpg 1 34 32 108 154  
000542.jpg 1 34 32 108 154  
000543.jpg 1 34 32 108 154  
000544.jpg 1 34 32 108 154  
000545.jpg 1 34 32 108 154  
000546.jpg 1 34 32 108 154  
000547.jpg 1 34 32 108 154  
000548.jpg 1 34 32 108 154  
000549.jpg 1 34 32 108 154  
000550.jpg 1 34 32 108 154  
000551.jpg 1 34 32 108 154  
000552.jpg 1 34 32 108 154  
000553.jpg 1 34 32 108 154  
000554.jpg 1 34 32 108 154  
000555.jpg 1 34 32 108 154  
000556.jpg 1 34 32 108 154  
000557.jpg 1 34 32 108 154  
000558.jpg 1 34 32 108 154  
000559.jpg 1 34 32 108 154  
000560.jpg 1 34 32 108 154  
000561.jpg 1 34 32 108 154  
000562.jpg 1 34 32 108 154  
000563.jpg 1 34 32 108 154  
000564.jpg 1 34 32 108 154  
000565.jpg 1 34 32 108 154  
000566.jpg 1 34 32 108 154  
000567.jpg 1 34 32 108 154  
000568.jpg 1 34 32 108 154  
000569.jpg 1 34 32 108 154  
000570.jpg 1 34 32 108 154  
000571.jpg 1 34 32 108 154  
000572.jpg 1 34 32 108 154  
000573.jpg 1 34 32 108 154  
000574.jpg 1 34 32 108 154  
000575.jpg 1 34 32 108 154  
000576.jpg 1 34 32 108 154  
000577.jpg 1 34 32 108 154  
000578.jpg 1 34 32 108 154  
000579.jpg 1 34 32 108 154  
000580.jpg 1 34 32 108 154  
000581.jpg 1 34 32 108 154  
000582.jpg 1 34 32 108 154  
000583.jpg 1 34 32 108 154  
000584.jpg 1 34 32 108 154  
000585.jpg 1 34 32 108 154  
000586.jpg 1 34 32 108 154  
000587.jpg 1 34 32 108 154  
000588.jpg 1 34 32 108 154  
000589.jpg 1 34 32 108 154  
000590.jpg 1 34 32 108 154  
000591.jpg 1 34 32 108 154  
000592.jpg 1 34 32 108 154  
000593.jpg 1 34 32 108 154  
000594.jpg 1 34 32 108 154  
000595.jpg 1 34 32 108 154  
000596.jpg 1 34 32 108 154  
000597.jpg 1 34 32 108 154  
000598.jpg 1 34 32 108 154  
000599.jpg 1 34 32 108 154  
000600.jpg 1 34 32 108 154  
000601.jpg 1 34 32 108 154  
000602.jpg 1 34 32 108 154  
000603.jpg 1 34 32 108 154  
000604.jpg 1 34 32 108 154  
000605.jpg 1 34 32 108 154  
000606.jpg 1 34 32 108 154  
000607.jpg 1 34 32 108 154  
000608.jpg 1 34 32 108 154  
000609.jpg 1 34 32 108 154  
000610.jpg 1 34 32 108 154  
000611.jpg 1 34 32 108 154  
000612.jpg 1 34 32 108 154  
000613.jpg 1 34 32 108 154  
000614.jpg 1 34 32 108 154  
000615.jpg 1 34 32 108 154  
000616.jpg 1 34 32 108 154  
000617.jpg 1 34 32 108 154  
000618.jpg 1 34 32 108 154  
000619.jpg 1 34 32 108 154  
000620.jpg 1 34 32 108 154  
000621.jpg 1 34 32 108 154  
000622.jpg 1 34 32 108 154  
000623.jpg 1 34 32 108 154  
000624.jpg 1 34 32 108 154  
000625.jpg 1 34 32 108 154  
000626.jpg 1 34 32 108 154  
000627.jpg 1 34 32 108 154  
000628.jpg 1 34 32 108 154  
000629.jpg 1 34 32 108 154  
000630.jpg 1 34 32 108 154  
000631.jpg 1 34 32 108 154  
000632.jpg 1 34 32 108 154  
000633.jpg 1 34 32 108 154  
000634.jpg 1 34 32 108 154  
000635.jpg 1 34 32 108 154  
000636.jpg 1 34 32 108 154  
000637.jpg 1 34 32 108 154  
000638.jpg 1 34 32 108 154  
000639.jpg 1 34 32 108 154  
000640.jpg 1 34 32 108 154  
000641.jpg 1 34 32 108 154  
000642.jpg 1 34 32 108 154  
000643.jpg 1 34 32 108 154  
000644.jpg 1 34 32 108 154  
000645.jpg 1 34 32 108 154  
000646.jpg 1 34 32 108 154  
000647.jpg 1 34 32 108 154  
000648.jpg 1 34 32 108 154  
000649.jpg 1 34 32 108 154  
000650.jpg 1 34 32 108 154  
000651.jpg 1 34 32 108 154  
000652.jpg 1 34 32 108 154  
000653.jpg 1 34 32 108 154  
000654.jpg 1 34 32 108 154  
000655.jpg 1 34 32 108 154  
000656.jpg 1 34 32 108 154  
000657.jpg 1 34 32 108 154  
000658.jpg 1 34 32 108 154  
000659.jpg 1 34 32 108 154  
000660.jpg 1 34 32 108 154  
000661.jpg 1 34 32 108 154  
000662.jpg 1 34 32 108 154  
000663.jpg 1 34 32 108 154  
000664.jpg 1 34 32 108 154  
000665.jpg 1 34 32 108 154  
000666.jpg 1 34 32 108 154  
000667.jpg 1 34 32 108 154  
000668.jpg 1 34 32 108 154  
000669.jpg 1 34 32 108 154  
000670.jpg 1 34 32 108 154  
000671.jpg 1 34 32 108 154  
000672.jpg 1 34 32 108 154  
000673.jpg 1 34 32 108 154  
000674.jpg 1 34 32 108 154  
000675.jpg 1 34 32 108 154  
000676.jpg 1 34 32 108 154  
000677.jpg 1 34 32 108 154  
000678.jpg 1 34 32 108 154  
000679.jpg 1 34 32 108 154  
000680.jpg 1 34 32 108 154  
000681.jpg 1 34 32 108 154  
000682.jpg 1 34 32 108 154  
000683.jpg 1 34 32 108 154  
000684.jpg 1 34 32 108 154  
000685.jpg 1 34 32 108 154  
000686.jpg 1 34 32 108 154  
000687.jpg 1 34 32 108 154  
000688.jpg 1 34 32 108 154  
000689.jpg 1 34 32 108 154  
000690.jpg 1 34 32 108 154  
000691.jpg 1 34 32 108 154  
000692.jpg 1 34 32 108 154  
000693.jpg 1 34 32 108 154  
000694.jpg 1 34 32 108 154  
000695.jpg 1 34 32 108 154  
000696.jpg 1 34 32 108 154  
000697.jpg 1 34 32 108 154  
000698.jpg 1 34 32 108 154  
000699.jpg 1 34 32 108 154  
000700.jpg 1 34 32 108 154  
000701.jpg 1 34 32 108 154  
000702.jpg 1 34 32 108 154  
000703.jpg 1 34 32 108 154  
000704.jpg 1 34 32 108 154  
000705.jpg 1 34 32 108 154  
000706.jpg 1 34 32 108 154  
000707.jpg 1 34 32 108 154  
000708.jpg 1 34 32 108 154  
000709.jpg 1 34 32 108 154  
000710.jpg 1 34 32 108 154  
000711.jpg 1 34 32 108 154  
000712.jpg 1 34 32 108 154  
000713.jpg 1 34 32 108 154  
000714.jpg 1 34 32 108 154  
000715.jpg 1 34 32 108 154  
000716.jpg 1 34 32 108 154  
000717.jpg 1 34 32 108 154  
000718.jpg 1 34 32 108 154  
000719.jpg 1 34 32 108 154  
000720.jpg 1 34 32 108 154  
000721.jpg 1 34 32 108 154  
000722.jpg 1 34 32 108 154  
000723.jpg 1 34 32 108 154  
000724.jpg 1 34 32 108 154  
000725.jpg 1 34 32 108 154  
000726.jpg 1 34 32 108 154  
000727.jpg 1 34 32 108 154  
000728.jpg 1 34 32 108 154  
000729.jpg 1 34 32 108 154  
000730.jpg 1 34 32 108 154  
000731.jpg 1 34 32 108 154  
000732.jpg 1 34 32 108 154  
000733.jpg 1 34 32 108 154  
000734.jpg 1 34 32 108 154  
000735.jpg 1 34 32 108 154  
000736.jpg 1 34 32 108 154  
000737.jpg 1 34 32 108 154  
000738.jpg 1 34 32 108 154  
000739.jpg 1 34 32 108 154  
000740.jpg 1 34 32 108 154  
000741.jpg 1 34 32 108 154  
000742.jpg 1 34 32 108 154  
000743.jpg 1 34 32 108 154  
000744.jpg 1 34 32 108 154  
000745.jpg 1 34 32 108 154  
000746.jpg 1 34 32 108 154  
000747.jpg 1 34 32 108 154  
000748.jpg 1 34 32 108 154  
000749.jpg 1 34 32 108 154  
000750.jpg 1 34 32 108 154  
000751.jpg 1 34 32 108 154  
000752.jpg 1 34 32 108 154  
000753.jpg 1 34 32 108 154  
000754.jpg 1 34 32 108 154  
000755.jpg 1 34 32 108 154  
000756.jpg 1 34 32 108 154  
000757.jpg 1 34 32 108 154  
000758.jpg 1 34 32 108 154  
000759.jpg 1 34 32 108 154  
000760.jpg 1 34 32 108 154  
000761.jpg 1 34 32 108 154  
000762.jpg 1 34 32 108 154  
000763.jpg 1 34 32 108 154  
000764.jpg 1 34 32 108 154  
000765.jpg 1 34 32 108 154  
000766.jpg 1 34 32 108 154  
000767.jpg 1 34 32 108 154  
000768.jpg 1 34 32 108 154  
000769.jpg 1 34 32 108 154  
000770.jpg 1 34 32 108 154  
000771.jpg 1 34 32 108 154  
000772.jpg 1 34 32 108 154  
000773.jpg 1 34 32 108 154  
000774.jpg 1 34 32 108 154  
000775.jpg 1 34 32 108 154  
000776.jpg 1 34 32 108 154  
000777.jpg 1 34 32 108 154  
000778.jpg 1 34 32 108 154  
000779.jpg 1 34 32 108 154  
000780.jpg 1 34 32 108 154  
000781.jpg 1 34 32 108 154  
000782.jpg 1 34 32 108 154  
000783.jpg 1 34 32 108 154  
000784.jpg 1 34 32 108 154  
000785.jpg 1 34 32 108 154  
000786.jpg 1 34 32 108 154  
000787.jpg 1 34 32 108 154  
000788.jpg 1 34 32 108 154  
000789.jpg 1 34 32 108 154  
000790.jpg 1 34 32 108 154  
000791.jpg 1 34 32 108 154  
000792.jpg 1 34 32 108 154  
000793.jpg 1 34 32 108 154  
000794.jpg 1 34 32 108 154  
000795.jpg 1 34 32 108 154  
000796.jpg 1 34 32 108 154  
000797.jpg 1 34 32 108 154  
000798.jpg 1 34 32 108 154  
000799.jpg 1 34 32 108 154  
000800.jpg 1 34 32 108 154  
000801.jpg 1 34 32 108 154  
000802.jpg 1 34 32 108 154  
000803.jpg 1 34 32 108 154  
000804.jpg 1 34 32 108 154  
000805.jpg 1 34 32 108 154  
000806.jpg 1 34 32 108 154  
000807.jpg 1 34 32 108 154  
000808.jpg 1 34 32 108 154  
000809.jpg 1 34 32 108 154  
000810.jpg 1 34 32 108 154  
000811.jpg 1 34 32 108 154  
000812.jpg 1 34 32 108 154  
000813.jpg 1 34 32 108 154  
000814.jpg 1 34 32 108 154  
000815.jpg 1 34 32 108 154  
000816.jpg 1 34 32 108 154  
000817.jpg 1 34 32 108 154  
000818.jpg 1 34 32 108 154  
000819.jpg 1 34 32 108 154  
000820.jpg 1 34 32 108 154  
000821.jpg 1 34 32 108 154  
000822.jpg 1 34 32 108 154  
000823.jpg 1 34 32 108 154  
000824.jpg 1 34 32 108 154  
000825.jpg 1 34 32 108 154  
000826.jpg 1 34 32 108 154  
000827.jpg 1 34 32 108 154  
000828.jpg 1 34 32 108 154  
000829.jpg 1 34 32 108 154  
000830.jpg 1 34 32 108 154  
000831.jpg 1 34 32 108 154  
000832.jpg 1 34 32 108 154  
000833.jpg 1 34 32 108 154  
000834.jpg 1 34 32 108 154  
000835.jpg 1 34 32 108 154  
000836.jpg 1 34 32 108 154  
000837.jpg 1 34 32 108 154  
000838.jpg 1 34 32 108 154  
000839.jpg 1 34 32 108 154  
000840.jpg 1 34 32 108 154  
000841.jpg 1 34 32 108 154  
000842.jpg 1 34 32 108 154  
000843.jpg 1 34 32 108 154  
000844.jpg 1 34 32 108 154  
000845.jpg 1 34 32 108 154  
000846.jpg 1 34 32 108 154  
000847.jpg 1 34 32 108 154  
000848.jpg 1 34 32 108 154  
000849.jpg 1 34 32 108 154  
000850.jpg 1 34 32 108 154  
000851.jpg 1 34 32 108 154  
000852.jpg 1 34 32 108 154  
000853.jpg 1 34 32 108 154  
000854.jpg 1 34 32 108 154  
000855.jpg 1 34 32 108 154  
000856.jpg 1 34 32 108 154  
000857.jpg 1 34 32 108 154  
000858.jpg 1 34 32 108 154  
000859.jpg 1 34 32 108 154  
000860.jpg 1 34 32 108 154  
000861.jpg 1 34 32 108 154  
000862.jpg 1 34 32 108 154  
000863.jpg 1 34 32 108 154  
000864.jpg 1 34 32 108 154  
000865.jpg 1 34 32 108 154  
000866.jpg 1 34 32 108 154  
000867.jpg 1 34 32 108 154  
000868.jpg 1 34 32 108 154  
000869.jpg 1 34 32 108 154  
000870.jpg 1 34 32 108 154  
000871.jpg 1 34 32 108 154  
000872.jpg 1 34 32 108 154  
000873.jpg 1 34 32 108 154  
000874.jpg 1 34 32 108 154  
000875.jpg 1 34 32 108 154  
000876.jpg 1 34 32 108 154  
000877.jpg 1 34 32 108 154  
000878.jpg 1 34 32 108 154  
000879.jpg 1 34 32 108 154  
000880.jpg 1 34 32 108 154  
000881.jpg 1 34 32 108 154  
000882.jpg 1 34 32 108 154  
000883.jpg 1 34 32 108 154  
000884.jpg 1 34 32 108 154  
000885.jpg 1 34 32 108 154  
000886.jpg 1 34 32 108 154  
000887.jpg 1 34 32 108 154  
000888.jpg 1 34 32 108 154  
000889.jpg 1 34 32 108 154  
000890.jpg 1 34 32 108 154  
000891.jpg 1 34 32 108 154  
000892.jpg 1 34 32 108 154  
000893.jpg 1 34 32 108 154  
000894.jpg 1 34 32 108 154  
000895.jpg 1 34 32 108 154  
000896.jpg 1 34 32 108 154  
000897.jpg 1 34 32 108 154  
000898.jpg 1 34 32 108 154  
000899.jpg 1 34 32 108 154  
000900.jpg 1 34 32 108 154  
000901.jpg 1 34 32 108 154  
000902.jpg 1 34 32 108 154  
000903.jpg 1 34 32 108 154  
000904.jpg 1 34 32 108 154  
000905.jpg 1 34 32 108 154  
000906.jpg 1 34 32 108 154  
000907.jpg 1 34 32 108 154  
000908.jpg 1 34 32 108 154  
000909.jpg 1 34 32 108 154  
000910.jpg 1 34 32 108 154  
000911.jpg 1 34 32 108 154  
000912.jpg 1 34 32 108 154  
000913.jpg 1 34 32 108 154  
000914.jpg 1 34 32 108 154  
000915.jpg 1 34 32 108 154  
000916.jpg 1 34 32 108 154  
000917.jpg 1 34 32 108 154  
000918.jpg 1 34 32 108 154  
000919.jpg 1 34 32 108 154  
000920.jpg 1 34 32 108 154  
000921.jpg 1 34 32 108 154  
000922.jpg 1 34 32 108 154  
000923.jpg 1 34 32 108 154  
000924.jpg 1 34 32 108 154  
000925.jpg 1 34 32 108 154  
000926.jpg 1 34 32 108 154  
000927.jpg 1 34 32 108 154  
000928.jpg 1 34 32 108 154  
000929.jpg 1 34 32 108 154  
000930.jpg 1 34 32 108 154  
000931.jpg 1 34 32 108 154  
000932.jpg 1 34 32 108 154  
000933.jpg 1 34 32 108 154  
000934.jpg 1 34 32 108 154  
000935.jpg 1 34 32 108 154  
000936.jpg 1 34 32 108 154  
000937.jpg 1 34 32 108 154  
000938.jpg 1 34 32 108 154  
000939.jpg 1 34 32 108 154  
000940.jpg 1 34 32 108 154  
000941.jpg 1 34 32 108 154  
000942.jpg 1 34 32 108 154  
000943.jpg 1 34 32 108 154  
000944.jpg 1 34 32 108 154  
000945.jpg 1 34 32 108 154  
000946.jpg 1 34 32 108 154  
000947.jpg 1 34 32 108 154  
000948.jpg 1 34 32 108 154  
000949.jpg 1 34 32 108 154  
000950.jpg 1 34 32 108 154  
000951.jpg 1 34 32 108 154  
000952.jpg 1 34 32 108 154  
000953.jpg 1 34 32 108 154  
000954.jpg 1 34 32 108 154  
000955.jpg 1 34 32 108 154  
000956.jpg 1 34 32 108 154  
000957.jpg 1 34 32 108 154  
000958.jpg 1 34 32 108 154  
000959.jpg 1 34 32 108 154  
000960.jpg 1 34 32 108 154  
000961.jpg 1 34 32 108 154  
000962.jpg 1 34 32 108 154  
000963.jpg 1 34 32 108 154  
000964.jpg 1 34 32 108 154  
000965.jpg 1 34 32 108 154  
000966.jpg 1 34 32 108 154  
000967.jpg 1 34 32 108 154  
000968.jpg 1 34 32 108 154  
000969.jpg 1 34 32 108 154  
000970.jpg 1 34 32 108 154  
000971.jpg 1 34 32 108 154  
000972.jpg 1 34 32 108 154  
000973.jpg 1 34 32 108 154  
000974.jpg 1 34 32 108 154  
000975.jpg 1 34 32 108 154  
000976.jpg 1 34 32 108 154  
000977.jpg 1 34 32 108 154  
000978.jpg 1 34 32 108 154  
000979.jpg 1 34 32 108 154  
000980.jpg 1 34 32 108 154  
000981.jpg 1 34 32 108 154  
000982.jpg 1 34 32 108 154  
000983.jpg 1 34 32 108 154  
000984.jpg 1 34 32 108 154  
000985.jpg 1 34 32 108 154  
000986.jpg 1 34 32 108 154  
000987.jpg 1 34 32 108 154  
000988.jpg 1 34 32 108 154  
000989.jpg 1 34 32 108 154  
000990.jpg 1 34 32 108 154  
000991.jpg 1 34 32 108 154  
000992.jpg 1 34 32 108 154  
000993.jpg 1 34 32 108 154  
000994.jpg 1 34 32 108 154  
000995.jpg 1 34 32 108 154  
000996.jpg 1 34 32 108 154  
000997.jpg 1 34 32 108 154  
000998.jpg 1 34 32 108 154  
000999.jpg 1 34 32 108 154  
001000.jpg 1 34 32 108 154  
001001.jpg 1 34 32 108 154  
001002.jpg 1 34 32 108 154  
001003.jpg 1 34 32 108 154  
001004.jpg 1 34 32 108 154  
001005.jpg 1 34 32 108 154  
001006.jpg 1 34 32 108 154  
001007.jpg 1 34 32 108 154  
001008.jpg 1 34 32 108 154  
001009.jpg 1 34 32 108 154  
001010.jpg 1 34 32 108 154  
001011.jpg 1 34 32 108 154  
001012.jpg 1 34 32 108 154  
001013.jpg 1 34 32 108 154  
001014.jpg 1 34 32 108 154  
001015.jpg 1 34 32 108 154  
001016.jpg 1 34 32 108 154  
001017.jpg 1 34 32 108 154  
001018.jpg 1 34 32 108 154  
001019.jpg 1 34 32 108 154  
001020.jpg 1 34 32 108 154  
001021.jpg 1 34 32 108 154  
001022.jpg 1 34 32 108 154  
001023.jpg 1 34 32 108 154  
001024.jpg 1 34 32 108 154  
001025.jpg 1 34 32 108 154  
001026.jpg 1 34 32 108 154  
001027.jpg 1 34 32 108 154  
001028.jpg 1 34 32 108 154  
001029.jpg 1 34 32 108 154  
001030.jpg 1 34 32 108 154  
001031.jpg 1 34 32 108 154  
001032.jpg 1 34 32 108 154  
001033.jpg 1 34 32 108 154  
001034.jpg 1 34 32 108 154  
001035.jpg 1 34 32 108 154  
001036.jpg 1 34 32 108 154  
001037.jpg 1 34 32 108 154  
001038.jpg 1 34 32 108 154  
001039.jpg 1 34 32 108 154  
001040.jpg 1 34 32 108 154  
001041.jpg 1 34 32 108 154  
001042.jpg 1 34 32 108 154  
001043.jpg 1 34 32 108 154  
001044.jpg 1 34 32 108 154  
001045.jpg 1 34 32 108 154  
001046.jpg 1 34 32 108 154  
001047.jpg 1 34 32 108 154  
001048.jpg 1 34 32 108 154  
001049.jpg 1 34 32 108 154  
001050.jpg 1 34 32 108 154  
001051.jpg 1 34 32 108 154  
001052.jpg 1 34 32 108 154  
001053.jpg 1 34 32 108 154  
001054.jpg 1 34 32 108 154  
001055.jpg 1 34 32 108 154  
001056.jpg 1 34 32 108 154  
001057.jpg 1 34 32 108 154  
001058.jpg 1 34 32 108 154  
001059.jpg 1 34 32 108 154  
001060.jpg 1 34 32 108 154  
001061.jpg 1 34 32 108 154  
001062.jpg 1 34 32 108 154  
001063.jpg 1 34 32 108 154  
001064.jpg 1 34 32 108 154  
001065.jpg 1 34 32 108 154  
001066.jpg 1 34 32 108 154  
001067.jpg 1 34 32 108 154  
001068.jpg 1 34 32 108 154  
001069.jpg 1 34 32 108 154  
001070.jpg 1 34 32 108 154  
001071.jpg 1 34 32 108 154  
001072.jpg 1 34 32 108 154  
001073.jpg 1 34 32 108 154  
001074.jpg 1 34 32 108 154  
001075.jpg 1 34 32 108 154  
001076.jpg 1 34 32 108 154  
001077.jpg 1 34 32 108 154  
001078.jpg 1 34 32 108 154  
001079.jpg 1 34 32 108 154  
001080.jpg 1 34 32 108 154  
001081.jpg 1 34 32 108 154  
001082.jpg 1 34 32 108 154  
001083.jpg 1 34 32 108 154  
001084.jpg 1 34 32 108 154  
001085.jpg 1 34 32 108 154  
001086.jpg 1 34 32 108 154  
001087.jpg 1 34 32 108 154  
001088.jpg 1 34 32 108 154  
001089.jpg 1 34 32 108 154  
001090.jpg 1 34 32 108 154  
001091.jpg 1 34 32 108 154  
001092.jpg 1 34 32 108 154  
001093.jpg 1 34 32 108 154  
001094.jpg 1 34 32 108 154  
001095.jpg 1 34 32 108 154  
001096.jpg 1 34 32 108 154  
001097.jpg 1 34 32 108 154  
001098.jpg 1 34 32 108 154  
001099.jpg 1 34 32 108 154  
001100.jpg 1 34 32 108 154  
001101.jpg 1 34 32 108 154  
001102.jpg 1 34 32 108 154  
001103.jpg 1 34 32 108 154  
001104.jpg 1 34 32 108 154  
001105.jpg 1 34 32 108 154  
001106.jpg 1 34 32 108 154  
001107.jpg 1 34 32 108 154  
001108.jpg 1 34 32 108 154  
001109.jpg 1 34 32 108 154  
001110.jpg 1 34 32 108 154  
001111.jpg 1 34 32 108 154  
001112.jpg 1 34 32 108 154  
001113.jpg 1 34 32 108 154  
001114.jpg 1 34 32 108 154  
001115.jpg 1 34 32 108 154  
001116.jpg 1 34 32 108 154  
001117.jpg 1 34 32 108 154  
001118.jpg 1 34 32 108 154  
001119.jpg 1 34 32 108 154  
001120.jpg 1 34 32 108 154  
001121.jpg 1 34 32 108 154  
001122.jpg 1 34 32 108 154  
001123.jpg 1 34 32 108 154  
001124.jpg 1 34 32 108 154  
001125.jpg 1 34 32 108 154  
001126.jpg 1 34 32 108 154  
001127.jpg 1 34 32 108 154  
001128.jpg 1 34 32 108 154  
001129.jpg 1 34 32 108 154  
001130.jpg 1 34 32 108 154  
001131.jpg 1 34 32 108 154  
001132.jpg 1 34 32 108 154  
001133.jpg 1 34 32 108 154  
001134.jpg 1 34 32 108 154  
001135.jpg 1 34 32 108 154  
001136.jpg 1 34 32 108 154  
001137.jpg 1 34 32 108 154  
001138.jpg 1 34 32 108 154  
001139.jpg 1 34 32 108 154  
001140.jpg 1 34 32 108 154  
001141.jpg 1 34 32 108 154  
001142.jpg 1 34 32 108 154  
001143.jpg 1 34 32 108 154  
001144.jpg 1 34 32 108 154  
001145.jpg 1 34 32 108 154  
001146.jpg 1 34 32 108 154  
001147.jpg 1 34 32 108 154  
001148.jpg 1 34 32 108 154  
001149.jpg 1 34 32 108 154  
001150.jpg 1 34 32 108 154  
001151.jpg 1 34 32 108 154  
001152.jpg 1 34 32 108 154  
001153.jpg 1 34 32 108 154  
001154.jpg 1 34 32 108 154  
001155.jpg 1 34 32 108 154  
001156.jpg 1 34 32 108 154  
001157.jpg 1 34 32 108 154  
001158.jpg 1 34 32 108 154  
001159.jpg 1 34 32 108 154  
001160.jpg 1 34 32 108 154  
001161.jpg 1 34 32 108 154  
001162.jpg 1 34 32 108 154  
001163.jpg 1 34 32 108 154  
001164.jpg 1 34 32 108 154  
001165.jpg 1 34 32 108 154  
001166.jpg 1 34 32 108 154  
001167.jpg 1 34 32 108 154  
001168.jpg 1 34 32 108 154  
001169.jpg 1 34 32 108 154  
001170.jpg 1 34 32 108 154  
001171.jpg 1 34 32 108 154  
001172.jpg 1 34 32 108 154  
001173.jpg 1 34 32 108 154  
001174.jpg 1 34 32 108 154  
001175.jpg 1 34 32 108 154  
001176.jpg 1 34 32 108 154  
001177.jpg 1 34 32 108 154  
001178.jpg 1 34 32 108 154  
001179.jpg 1 34 32 108 154  
001180.jpg 1 34 32 108 154  
001181.jpg 1 34 32 108 154  
001182.jpg 1 34 32 108 154  
001183.jpg 1 34 32 108 154  
001184.jpg 1 34 32 108 154  
001185.jpg 1 34 32 108 154  
001186.jpg 1 34 32 108 154  
001187.jpg 1 34 32 108 154  
001188.jpg 1 34 32 108 154  
001189.jpg 1 34 32 108 154  
001190.jpg 1 34 32 108 154  
001191.jpg 1 34 32 108 154  
001192.jpg 1 34 32 108 154  
001193.jpg 1 34 32 108 154  
001194.jpg 1 34 32 108 154  
001195.jpg 1 34 32 108 154  
001196.jpg 1 34 32 108 154  
001197.jpg 1 34 32 108 154  
001198.jpg 1 34 32 108 154  
001199.jpg 1 34 32 108 154  
001200.jpg 1 34 32 108 154  
001201.jpg 1 34 32 108 154  
001202.jpg 1 34 32 108 154  
001203.jpg 1 34 32 108 154  
001204.jpg 1 34 32 108 154  
001205.jpg 1 34 32 108 154  
001206.jpg 1 34 32 108 154  
001207.jpg 1 34 32 108 154  
001208.jpg 1 34 32 108 154  
001209.jpg 1 34 32 108 154  
001210.jpg 1 34 32 108 154  
001211.jpg 1 34 32 108 154  
001212.jpg 1 34 32 108 154  
001213.jpg 1 34 32 108 154  
001214.jpg 1 34 32 108 154  
001215.jpg 1 34 32 108 154  
001216.jpg 1 34 32 108 154  
001217.jpg 1 34 32 108 154  
001218.jpg 1 34 32 108 154  
001219.jpg 1 34 32 108 154  
001220.jpg 1 34 32 108 154  
001221.jpg 1 34 32 108 154  
001222.jpg 1 34 32 108 154  
001223.jpg 1 34 32 108 154  
001224.jpg 1 34 32 108 154  
001225.jpg 1 34 32 108 154  
001226.jpg 1 34 32 108 154  
001227.jpg 1 34 32 108 154  
001228.jpg 1 34 32 108 154  
001229.jpg 1 34 32 108 154  
001230.jpg 1 34 32 108 154  
001231.jpg 1 34 32 108 154  
001232.jpg 1 34 32 108 154  
001233.jpg 1 34 32 108 154  
001234.jpg 1 34 32 108 154  
001235.jpg 1 34 32 108 154  
001236.jpg 1 34 32 108 154  
001237.jpg 1 34 32 108 154  
001238.jpg 1 34 32 108 154  
001239.jpg 1 34 32 108 154  
001240.jpg 1 34 32 108 154  
001241.jpg 1 34 32 108 154  
001242.jpg 1 34 32 108 154  
001243.jpg 1 34 32 108 154  
001244.jpg 1 34 32 108 154  
001245.jpg 1 34 32 108 154  
001246.jpg 1 34 32 108 154  
001247.jpg 1 34 32 108 154  
001248.jpg 1 34 32 108 154  
001249.jpg 1 34 32 108 154  
001250.jpg 1 34 32 108 154  
001251.jpg 1 34 32 108 154  
001252.jpg 1 34 32 108 154  
001253.jpg 1 34 32 108 154  
001254.jpg 1 34 32 108 154  
001255.jpg 1 34 32 108 154  
001256.jpg 1 34 32 108 154  
001257.jpg 1 34 32 108 154  
001258.jpg 1 34 32 108 154  
001259.jpg 1 34 32 108 154  
001260.jpg 1 34 32 108 154  
001261.jpg 1 34 32 108 154  
001262.jpg 1 34 32 108 154  
001263.jpg 1 34 32 108 154  
001264.jpg 1 34 32 108 154  
001265.jpg 1 34 32 108 154  
001266.jpg 1 34 32 108 154  
001267.jpg 1 34 32 108 154  
001268.jpg 1 34 32 108 154  
001269.jpg 1 34 32 108 154  
001270.jpg 1 34 32 108 154  
001271.jpg 1 34 32 108 154  
001272.jpg 1 34 32 108 154  
001273.jpg 1 34 32 108 154  
001274.jpg 1 34 32 108 154  
001275.jpg 1 34 32 108 154  
001276.jpg 1 34 32 108 154  
001277.jpg 1 34 32 108 154  
001278.jpg 1 34 32 108 154  
001279.jpg 1 34 32 108 154  
001280.jpg 1 34 32 108 154  
001281.jpg 1 34 32 108 154  
001282.jpg 1 34 32 108 154  
001283.jpg 1 34 32 108 154  
001284.jpg 1 34 32 108 154  
001285.jpg 1 34 32 108 154  
001286.jpg 1 34 32 108 154  
001287.jpg 1 34 32 108 154  
001288.jpg 1 34 32 108 154  
001289.jpg 1 34 32 108 154  
001290.jpg 1 34 32 108 154  
001291.jpg 1 34 32 108 154  
001292.jpg 1 34 32 108 154  
001293.jpg 1 34 32 108 154  
001294.jpg 1 34 32 108 154  
001295.jpg 1 34 32 108 154  
001296.jpg 1 34 32 108 154  
001297.jpg 1 34 32 108 154  
001298.jpg 1 34 32 108 154  
001299.jpg 1 34 32 108 154  
001300.jpg 1 34 32 108 154  
001301.jpg 1 34 32 108 154  
001302.jpg 1 34 32 108 154  
001303.jpg 1 34 32 108 154  
001304.jpg 1 34 32 108 154  
001305.jpg 1 34 32 108 154  
001306.jpg 1 34 32 108 154  
001307.jpg 1 34 32 108 154  
001308.jpg 1 34 32 108 154  
001309.jpg 1 34 32 108 154  
001310.jpg 1 34 32 108 154  
001311.jpg 1 34 32 108 154  
001312.jpg 1 34 32 108 154  
001313.jpg 1 34 32 108 154  
001314.jpg 1 34 32 108 154  
001315.jpg 1 34 32 108 154  
001316.jpg 1 34 32 108 154  
001317.jpg 1 34 32 108 154  
001318.jpg 1 34 32 108 154  
001319.jpg 1 34 32 108 154  
001320.jpg 1 34 32 108 154  
001321.jpg 1 34 32 108 154  
001322.jpg 1 34 32 108 154  
001323.jpg 1 34 32 108 154  
001324.jpg 1 34 32 108 154  
001325.jpg 1 34 32 108 154  
001326.jpg 1 34 32 108 154  
001327.jpg 1 34 32 108 154  
001328.jpg 1 34 32 108 154  
001329.jpg 1 34 32 108 154  
001330.jpg 1 34 32 108 154  
001331.jpg 1 34 32 108 154  
001332.jpg 1 34 32 108 154  
001333.jpg 1 34 32 108 154  
001334.jpg 1 34 32 108 154  
001335.jpg 1 34 32 108 154  
001336.jpg 1 34 32 108 154  
001337.jpg 1 34 32 108 154  
001338.jpg 1 34 32 108 154  
001339.jpg 1 34 32 108 154  
001340.jpg 1 34 32 108 154  
001341.jpg 1 34 32 108 154  
001342.jpg 1 34 32 108 154  
001343.jpg 1 34 32 108 154  
001344.jpg 1 34 32 108 154  
001345.jpg 1 34 32 108 154  
001346.jpg 1 34 32 108 154  
001347.jpg 1 34 32 108 154  
001348.jpg 1 34 32 108 154  
001349.jpg 1 34 32 108 154  
001350.jpg 1 34 32 108 154  
001351.jpg 1 34 32 108 154  
001352.jpg 1 34 32 108 154  
001353.jpg 1 34 32 108 154  
001354.jpg 1 34 32 108 154  
001355.jpg 1 34 32 108 154  
001356.jpg 1 34 32 108 154  
001357.jpg 1 34 32 108 154  
001358.jpg 1 34 32 108 154  
001359.jpg 1 34 32 108 154  
001360.jpg 1 34 32 108 154  
001361.jpg 1 34 32 108 154  
001362.jpg 1 34 32 108 154  
001363.jpg 1 34 32 108 154  
001364.jpg 1 34 32 108 154  
001365.jpg 1 34 32 108 154  
001366.jpg 1 34 32 108 154  
001367.jpg 1 34 32 108 154  
001368.jpg 1 34 32 108 154  
001369.jpg 1 34 32 108 154  
001370.jpg 1 34 32 108 154  
001371.jpg 1 34 32 108 154  
001372.jpg 1 34 32 108 154  
001373.jpg 1 34 32 108 154  
001374.jpg 1 34 32 108 154  
001375.jpg 1 34 32 108 154  
001376.jpg 1 34 32 108 154  
001377.jpg 1 34 32 108 154  
001378.jpg 1 34 32 108 154  
001379.jpg 1 34 32 108 154  
001380.jpg 1 34 32 108 154  
001381.jpg 1 34 32 108 154  
001382.jpg 1 34 32 108 154  
001383.jpg 1 34 32 108 154  
001384.jpg 1 34 32 108 154  
001385.jpg 1 34 32 108 154  
001386.jpg 1 34 32 108 154  
001387.jpg 1 34 32 108 154  
001388.jpg 1 34 32 108 154  
001389.jpg 1 34 32 108 154  
001390.jpg 1 34 32 108 154  
001391.jpg 1 34 32 108 154  
001392.jpg 1 34 32 108 154  
001393.jpg 1 34 32 108 154  
001394.jpg 1 34 32 108 154  
001395.jpg 1 34 32 108 154  
001396.jpg 1 34 32 108 154  
001397.jpg 1 34 32 108 154  
001398.jpg 1 34 32 108 154  
001399.jpg 1 34 32 108 154  
001400.jpg 1 34 32 108 154  
001401.jpg 1 34 32 108 154  
001402.jpg 1 34 32 108 154  
001403.jpg 1 34 32 108 154  
001404.jpg 1 34 32 108 154  
001405.jpg 1 34 32 108 154  
001406.jpg 1 34 32 108 154  
001407.jpg 1 34 32 108 154  
001408.jpg 1 34 32 108 154  
001409.jpg 1 34 32 108 154  
001410.jpg 1 34 32 108 154  
001411.jpg 1 34 32 108 154  
001412.jpg 1 34 32 108 154  
001413.jpg 1 34 32 108 154  
001414.jpg 1 34 32 108 154  
001415.jpg 1 34 32 108 154  
001416.jpg 1 34 32 108 154  
001417.jpg 1 34 32 108 154  
001418.jpg 1 34 32 108 154  
001419.jpg 1 34 32 108 154  
001420.jpg 1 34 32 108 154  
001421.jpg 1 34 32 108 154  
001422.jpg 1 34 32 108 154  
001423.jpg 1 34 32 108 154  
001424.jpg 1 34 32 108 154  
001425.jpg 1 34 32 108 154  
001426.jpg 1 34 32 108 154  
001427.jpg 1 34 32 108 154  
001428.jpg 1 34 32 108 154  
001429.jpg 1 34 32 108 154  
001430.jpg 1 34 32 108 154  
001431.jpg 1 34 32 108 154  
001432.jpg 1 34 32 108 154  
001433.jpg 1 34 32 108 154  
001434.jpg 1 34 32 108 154  
001435.jpg 1 34 32 108 154  
001436.jpg 1 34 32 108 154  
001437.jpg 1 34 32 108 154  
001438.jpg 1 34 32 108 154  
001439.jpg 1 34 32 108 154  
001440.jpg 1 34 32 108 154  
001441.jpg 1 34 32 108 154  
001442.jpg 1 34 32 108 154  
001443.jpg 1 34 32 108 154  
001444.jpg 1 34 32 108 154  
001445.jpg 1 34 32 108 154  
001446.jpg 1 34 32 108 154  
001447.jpg 1 34 32 108 154  
001448.jpg 1 34 32 108 154  
001449.jpg 1 34 32 108 154  
001450.jpg 1 34 32 108 154  
001451.jpg 1 34 32 108 154  
001452.jpg 1 34 32 108 154  
001453.jpg 1 34 32 108 154  
001454.jpg 1 34 32 108 154  
001455.jpg 1 34 32 108 154  
001456.jpg 1 34 32 108 154  
001457.jpg 1 34 32 108 154  
001458.jpg 1 34 32 108 154  
001459.jpg 1 34 32 108 154  
001460.jpg 1 34 32 108 154  
001461.jpg 1 34 32 108 154  
001462.jpg 1 34 32 108 154  
001463.jpg 1 34 32 108 154  
001464.jpg 1 34 32 108 154  
001465.jpg 1 34 32 108 154  
001466.jpg 1 34 32 108 154  
001467.jpg 1 34 32 108 154  
001468.jpg 1 34 32 108 154  
001469.jpg 1 34 32 108 154  
001470.jpg 1 34 32 108 154  
001471.jpg 1 34 32 108 154  
001472.jpg 1 34 32 108 154  
001473.jpg 1 34 32 108 154  
001474.jpg 1 34 32 108 154  
001475.jpg 1 34 32 108 154  
001476.jpg 1 34 32 108 154  
001477.jpg 1 34 32 108 154  
001478.jpg 1 34 32 108 154  
001479.jpg 1 34 32 108 154  
001480.jpg 1 34 32 108 154  
001481.jpg 1 34 32 108 154  
001482.jpg 1 34 32 108 154  
001483.jpg 1 34 32 108 154  
001484.jpg 1 34 32 108 154  
001485.jpg 1 34 32 108 154  
001486.jpg 1 34 32 108 154  
001487.jpg 1 34 32 108 154  
001488.jpg 1 34 32 108 154  
001489.jpg 1 34 32 108 154  
001490.jpg 1 34 32 108 154  
001491.jpg 1 34 32 108 154  
001492.jpg 1 34 32 108 154  
001493.jpg 1 34 32 108 154  
001494.jpg 1 34 32 108 154  
001495.jpg 1 34 32 108 154  
001496.jpg 1 34 32 108 154  
001497.jpg 1 34 32 108 154  
001498.jpg 1 34 32 108 154  
001499.jpg 1 34 32 108 154  
001500.jpg 1 34 32 108 154  
001501.jpg 1 34 32 108 154  
001502.jpg 1 34 32 108 154  
001503.jpg 1 34 32 108 154  
001504.jpg 1 34 32 108 154  
001505.jpg 1 34 32 108 154  
001506.jpg 1 34 32 108 154  
001507.jpg 1 34 32 108 154  
001508.jpg 1 34 32 108 154  
001509.jpg 1 34 32 108 154  
001510.jpg 1 34 32 108 154  
001511.jpg 1 34 32 108 154  
001512.jpg 1 34 32 108 154  
001513.jpg 1 34 32 108 154  
001514.jpg 1 34 32 108 154  
001515.jpg 1 34 32 108 154  
001516.jpg 1 34 32 108 154  
001517.jpg 1 34 32 108 154  
001518.jpg 1 34 32 108 154  
001519.jpg 1 34 32 108 154  
001520.jpg 1 34 32 108 154  
001521.jpg 1 34 32 108 154  
001522.jpg 1 34 32 108 154  
001523.jpg 1 34 32 108 154  
001524.jpg 1 34 32 108 154  
001525.jpg 1 34 32 108 154  
001526.jpg 1 34 32 108 154  
001527.jpg 1 34 32 108 154  
001528.jpg 1 34 32 108 154  
001529.jpg 1 34 32 108 154  
001530.jpg 1 34 32 108 154  
001531.jpg 1 34 32 108 154  
001532.jpg 1 34 32 108 154  
001533.jpg 1 34 32 108 154  
001534.jpg 1 34 32 108 154  
001535.jpg 1 34 32 108 154  
001536.jpg 1 34 32 108 154  
001537.jpg 1 34 32 108 154  
001538.jpg 1 34 32 108 154  
001539.jpg 1 34 32 108 154  
001540.jpg 1 34 32 108 154  
001541.jpg 1 34 32 108 154  
001542.jpg 1 34 32 108 154  
001543.jpg 1 34 32 108 154  
001544.jpg 1 34 32 108 154  
001545.jpg 1 34 32 108 154  
001546.jpg 1 34 32 108 154  
001547.jpg 1 34 32 108 154  
001548.jpg 1 34 32 108 154  
001549.jpg 1 34 32 108 154  
001550.jpg 1 34 32 108 154  
001551.jpg 1 34 32 108 154  
001552.jpg 1 34 32 108 154  
001553.jpg 1 34 32 108 154  
001554.jpg 1 34 32 108 154  
001555.jpg 1 34 32 108 154  
001556.jpg 1 34 32 108 154  
001557.jpg 1 34 32 108 154  
001558.jpg 1 34 32 108 154  
001559.jpg 1 34 32 108 154  
001560.jpg 1 34 32 108 154  
001561.jpg 1 34 32 108 154  
001562.jpg 1 34 32 108 154  
001563.jpg 1 34 32 108 154  
001564.jpg 1 34 32 108 154  
001565.jpg 1 34 32 108 154  
001566.jpg 1 34 32 108 154  
001567.jpg 1 34 32 108 154  
001568.jpg 1 34 32 108 154  
001569.jpg 1 34 32 108 154  
001570.jpg 1 34 32 108 154  
001571.jpg 1 34 32 108 154  
001572.jpg 1 34 32 108 154  
001573.jpg 1 34 32 108 154  
001574.jpg 1 34 32 108 154  
001575.jpg 1 34 32 108 154  
001576.jpg 1 34 32 108 154  
001577.jpg 1 34 32 108 154  
001578.jpg 1 34 32 108 154  
001579.jpg 1 34 32 108 154  
001580.jpg 1 34 32 108 154  
001581.jpg 1 34 32 108 154  
001582.jpg 1 34 32 108 154  
001583.jpg 1 34 32 108 154  
001584.jpg 1 34 32 108 154  
001585.jpg 1 34 32 108 154  
001586.jpg 1 34 32 108 154  
001587.jpg 1 34 32 108 154  
001588.jpg 1 34 32 108 154  
001589.jpg 1 34 32 108 154  
001590.jpg 1 34 32 108 154  
001591.jpg 1 34 32 108 154  
001592.jpg 1 34 32 108 154  
001593.jpg 1 34 32 108 154  
001594.jpg 1 34 32 108 154  
001595.jpg 1 34 32 108 154  
001596.jpg 1 34 32 108 154  
001597.jpg 1 34 32 108 154  
001598.jpg 1 34 32 108 154  
001599.jpg 1 34 32 108 154  
001600.jpg 1 34 32 108 154  
001601.jpg 1 34 32 108 154  
001602.jpg 1 34 32 108 154  
001603.jpg 1 34 32 108 154  
001604.jpg 1 34 32 108 154  
001605.jpg 1 34 32 108 154  
001606.jpg 1 34 32 108 154  
001607.jpg 1 34 32 108 154  
001608.jpg 1 34 32 108 154  
001609.jpg 1 34 32 108 154  
001610.jpg 1 34 32 108 154  
001611.jpg 1 34 32 108 154  
001612.jpg 1 34 32 108 154  
001613.jpg 1 34 32 108 154  
001614.jpg 1 34 32 108 154  
001615.jpg 1 34 32 108 154  
001616.jpg 1 34 32 108 154  
001617.jpg 1 34 32 108 154  
001618.jpg 1 34 32 108 154  
001619.jpg 1 34 32 108 154  
001620.jpg 1 34 32 108 154  
001621.jpg 1 34 32 108 154  
001622.jpg 1 34 32 108 154  
001623.jpg 1 34 32 108 154  
001624.jpg 1 34 32 108 154  
001625.jpg 1 34 32 108 154  
001626.jpg 1 34 32 108 154  
001627.jpg 1 34 32 108 154  
001628.jpg 1 34 32 108 154  
001629.jpg 1 34 32 108 154  
001630.jpg 1 34 32 108 154  
001631.jpg 1 34 32 108 154  
001632.jpg 1 34 32 108 154  
001633.jpg 1 34 32 108 154  
001634.jpg 1 34 32 108 154  
001635.jpg 1 34 32 108 154  
001636.jpg 1 34 32 108 154  
001637.jpg 1 34 32 108 154  
001638.jpg 1 34 32 108 154  
001639.jpg 1 34 32 108 154  
001640.jpg 1 34 32 108 154  
001641.jpg 1 34 32 108 154  
001642.jpg 1 34 32 108 154  
001643.jpg 1 34 32 108 154  
001644.jpg 1 34 32 108 154  
001645.jpg 1 34 32 108 154  
001646.jpg 1 34 32 108 154  
001647.jpg 1 34 32 108 154  
001648.jpg 1 34 32 108 154  
001649.jpg 1 34 32 108 154  
001650.jpg 1 34 32 108 154  
001651.jpg 1 34 32 108 154  
001652.jpg 1 34 32 108 154  
001653.jpg 1 34 32 108 154  
001654.jpg 1 34 32 108 154  
001655.jpg 1 34 32 108 154  
001656.jpg 1 34 32 108 154  
001657.jpg 1 34 32 108 154  
001658.jpg 1 34 32 108 154  
001659.jpg 1 34 32 108 154  
001660.jpg 1 34 32 108 154  
001661.jpg 1 34 32 108 154  
001662.jpg 1 34 32 108 154  
001663.jpg 1 34 32 108 154  
001664.jpg 1 34 32 108 154  
001665.jpg 1 34 32 108 154  
001666.jpg 1 34 32 108 154  
001667.jpg 1 34 32 108 154  
001668.jpg 1 34 32 108 154  
001669.jpg 1 34 32 108 154  
001670.jpg 1 34 32 108 154  
001671.jpg 1 34 32 108 154  
001672.jpg 1 34 32 108 154  
001673.jpg 1 34 32 108 154  
001674.jpg 1 34 32 108 154  
001675.jpg 1 34 32 108 154  
001676.jpg 1 34 32 108 154  
001677.jpg 1 34 32 108 154  
001678.jpg 1 34 32 108 154  
001679.jpg 1 34 32 108 154  
001680.jpg 1 34 32 108 154  
001681.jpg 1 34 32 108 154  
001682.jpg 1 34 32 108 154  
001683.jpg 1 34 32 108 154  
001684.jpg 1 34 32 108 154  
001685.jpg 1 34 32 108 154  
001686.jpg 1 34 32 108 154  
001687.jpg 1 34 32 108 154  
001688.jpg 1 34 32 108 154  
001689.jpg 1 34 32 108 154  
001690.jpg 1 34 32 108 154  
001691.jpg 1 34 32 108 154  
001692.jpg 1 34 32 108 154  
001693.jpg 1 34 32 108 154  
001694.jpg 1 34 32 108 154  
001695.jpg 1 34 32 108 154  
001696.jpg 1 34 32 108 154  
001697.jpg 1 34 32 108 154  
001698.jpg 1 34 32 108 154  
001699.jpg 1 34 32 108 154  
001700.jpg 1 34 32 108 154  
001701.jpg 1 34 32 108 154  
001702.jpg 1 34 32 108 154  
001703.jpg 1 34 32 108 154  
001704.jpg 1 34 32 108 154  
001705.jpg 1 34 32 108 154  
001706.jpg 1 34 32 108 154  
001707.jpg 1 34 32 108 154  
001708.jpg 1 34 32 108 154  
001709.jpg 1 34 32 108 154  
001710.jpg 1 34 32 108 154  
001711.jpg 1 34 32 108 154  
001712.jpg 1 34 32 108 154  
001713.jpg 1 34 32 108 154  
001714.jpg 1 34 32 108 154  
001715.jpg 1 34 32 108 154  
001716.jpg 1 34 32 108 154  
001717.jpg 1 34 32 108 154  
001718.jpg 1 34 32 108 154  
001719.jpg 1 34 32 108 154  
001720.jpg 1 34 32 108 154  
001721.jpg 1 34 32 108 154  
001722.jpg 1 34 32 108 154  
001723.jpg 1 34 32 108 154  
001724.jpg 1 34 32 108 154  
001725.jpg 1 34 32 108 154  
001726.jpg 1 34 32 108 154  
001727.jpg 1 34 32 108 154  
001728.jpg 1 34 32 108 154  
001729.jpg 1 34 32 108 154  
001730.jpg 1 34 32 108 154  
001731.jpg 1 34 32 108 154  
001732.jpg 1 34 32 108 154  
001733.jpg 1 34 32 108 154  
001734.jpg 1 34 32 108 154  
001735.jpg 1 34 32 108 154  
001736.jpg 1 34 32 108 154  
001737.jpg 1 34 32 108 154  
001738.jpg 1 34 32 108 154  
001739.jpg 1 34 32 108 154  
001740.jpg 1 34 32 108 154  
001741.jpg 1 34 32 108 154  
001742.jpg 1 34 32 108 154  
001743.jpg 1 34 32 108 154  
001744.jpg 1 34 32 108 154  
001745.jpg 1 34 32 108 154  
001746.jpg 1 34 32 108 154  
001747.jpg 1 34 32 108 154  
001748.jpg 1 34 32 108 154  
001749.jpg 1 34 32 108 154  
001750.jpg 1 34 32 108 154  
001751.jpg 1 34 32 108 154  
001752.jpg 1 34 32 108 154  
001753.jpg 1 34 32 108 154  
001754.jpg 1 34 32 108 154  
001755.jpg 1 34 32 108 154  
001756.jpg 1 34 32 108 154  
001757.jpg 1 34 32 108 154  
001758.jpg 1 34 32 108 154  
001759.jpg 1 34 32 108 154  
001760.jpg 1 34 32 108 154  
001761.jpg 1 34 32 108 154  
001762.jpg 1 34 32 108 154  
001763.jpg 1 34 32 108 154  
001764.jpg 1 34 32 108 154  
001765.jpg 1 34 32 108 154  
001766.jpg 1 34 32 108 154  
001767.jpg 1 34 32 108 154  
001768.jpg 1 34 32 108 154  
001769.jpg 1 34 32 108 154  
001770.jpg 1 34 32 108 154  
001771.jpg 1 34 32 108 154  
001772.jpg 1 34 32 108 154  
001773.jpg 1 34 32 108 154  
001774.jpg 1 34 32 108 154  
001775.jpg 1 34 32 108 154  
001776.jpg 1 34 32 108 154  
001777.jpg 1 34 32 108 154  
001778.jpg 1 34 32 108 154  
001779.jpg 1 34 32 108 154  
001780.jpg 1 34 32 108 154  
001781.jpg 1 34 32 108 154  
001782.jpg 1 34 32 108 154  
001783.jpg 1 34 32 108 154  
001784.jpg 1 34 32 108 154  
001785.jpg 1 34 32 108 154  
001786.jpg 1 34 32 108 154  
001787.jpg 1 34 32 108 154  
001788.jpg 1 34 32 108 154  
001789.jpg 1 34 32 108 154  
001790.jpg 1 34 32 108 154  
001791.jpg 1 34 32 108 154  
001792.jpg 1 34 32 108 154  
001793.jpg 1 34 32 108 154  
001794.jpg 1 34 32 108 154  
001795.jpg 1 34 32 108 154  
001796.jpg 1 34 32 108 154  
001797.jpg 1 34 32 108 154  
001798.jpg 1 34 32 108 154  
001799.jpg 1 34 32 108 154  
001800.jpg 1 34 32 108 154  
001801.jpg 1 34 32 108 154  
001802.jpg 1 34 32 108 154  
001803.jpg 1 34 32 108 154  
001804.jpg 1 34 32 108 154  
001805.jpg 1 34 32 108 154  
001806.jpg 1 34 32 108 154  
001807.jpg 1 34 32 108 154  
001808.jpg 1 34 32 108 154  
001809.jpg 1 34 32 108 154  
001810.jpg 1 34 32 108 154  
001811.jpg 1 34 32 108 154  
001812.jpg 1 34 32 108 154  
001813.jpg 1 34 32 108 154  
001814.jpg 1 34 32 108 154  
001815.jpg 1 34 32 108 154  
001816.jpg 1 34 32 108 154  
001817.jpg 1 34 32 108 154  
001818.jpg 1 34 32 108 154  
001819.jpg 1 34 32 108 154  
001820.jpg 1 34 32 108 154  
001821.jpg 1 34 32 108 154  
001822.jpg 1 34 32 108 154  
001823.jpg 1 34 32 108 154  
001824.jpg 1 34 32 108 154  
001825.jpg 1 34 32 108 154  
001826.jpg 1 34 32 108 154  
001827.jpg 1 34 32 108 154  
001828.jpg 1 34 32 108 154  
001829.jpg 1 34 32 108 154  
001830.jpg 1 34 32 108 154  
001831.jpg 1 34 32 108 154  
001832.jpg 1 34 32 108 154  
001833.jpg 1 34 32 108 154  
001834.jpg 1 34 32 108 154  
001835.jpg 1 34 32 108 154  
001836.jpg 1 34 32 108 154  
001837.jpg 1 34 32 108 154  
001838.jpg 1 34 32 108 154  
001839.jpg 1 34 32 108 154  
001840.jpg 1 34 32 108 154  
001841.jpg 1 34 32 108 154  
001842.jpg 1 34 32 108 154  
001843.jpg 1 34 32 108 154  
001844.jpg 1 34 32 108 154  
001845.jpg 1 34 32 108 154  
001846.jpg 1 34 32 108 154  
001847.jpg 1 34 32 108 154  
001848.jpg 1 34 32 108 154  
001849.jpg 1 34 32 108 154  
001850.jpg 1 34 32 108 154  
001851.jpg 1 34 32 108 154  
001852.jpg 1 34 32 108 154  
001853.jpg 1 34 32 108 154  
001854.jpg 1 34 32 108 154  
001855.jpg 1 34 32 108 154  
001856.jpg 1 34 32 108 154  
001857.jpg 1 34 32 108 154  
001858.jpg 1 34 32 108 154  
001859.jpg 1 34 32 108 154  
001860.jpg 1 34 32 108 154  
001861.jpg 1 34 32 108 154  
001862.jpg 1 34 32 108 154  
001863.jpg 1 34 32 108 154  
001864.jpg 1 34 32 108 154  
001865.jpg 1 34 32 108 154  
001866.jpg 1 34 32 108 154  
001867.jpg 1 34 32 108 154  
001868.jpg 1 34 32 108 154  
001869.jpg 1 34 32 108 154  
001870.jpg 1 34 32 108 154  
001871.jpg 1 34 32 108 154  
001872.jpg 1 34 32 108 154  
001873.jpg 1 34 32 108 154  
001874.jpg 1 34 32 108 154  
001875.jpg 1 34 32 108 154  
001876.jpg 1 34 32 108 154  
001877.jpg 1 34 32 108 154  
001878.jpg 1 34 32 108 154  
001879.jpg 1 34 32 108 154  
001880.jpg 1 34 32 108 154  
001881.jpg 1 34 32 108 154  
001882.jpg 1 34 32 108 154  
001883.jpg 1 34 32 108 154  
001884.jpg 1 34 32 108 154  
001885.jpg 1 34 32 108 154  
001886.jpg 1 34 32 108 154  
001887.jpg 1 34 32 108 154  
001888.jpg 1 34 32 108 154  
001889.jpg 1 34 32 108 154  
001890.jpg 1 34 32 108 154  
001891.jpg 1 34 32 108 154  
001892.jpg 1 34 32 108 154  
001893.jpg 1 34 32 108 154  
001894.jpg 1 34 32 108 154  
001895.jpg 1 34 32 108 154  
001896.jpg 1 34 32 108 154  
001897.jpg 1 34 32 108 154  
001898.jpg 1 34 32 108 154  
001899.jpg 1 34 32 108 154  
001900.jpg 1 34 32 108 154  
001901.jpg 1 34 32 108 154  
001902.jpg 1 34 32 108 154  
001903.jpg 1 34 32 108 154  
001904.jpg 1 34 32 108 154  
001905.jpg 1 34 32 108 154  
001906.jpg 1 34 32 108 154  
001907.jpg 1 34 32 108 154  
001908.jpg 1 34 32 108 154  
001909.jpg 1 34 32 108 154  
001910.jpg 1 34 32 108 154  
001911.jpg 1 34 32 108 154  
001912.jpg 1 34 32 108 154  
001913.jpg 1 34 32 108 154  
001914.jpg 1 34 32 108 154  
001915.jpg 1 34 32 108 154  
001916.jpg 1 34 32 108 154  
001917.jpg 1 34 32 108 154  
001918.jpg 1 34 32 108 154  
001919.jpg 1 34 32 108 154  
001920.jpg 1 34 32 108 154  
001921.jpg 1 34 32 108 154  
001922.jpg 1 34 32 108 154  
001923.jpg 1 34 32 108 154  
001924.jpg 1 34 32 108 154  
001925.jpg 1 34 32 108 154  
001926.jpg 1 34 32 108 154  
001927.jpg 1 34 32 108 154  
001928.jpg 1 34 32 108 154  
001929.jpg 1 34 32 108 154  
001930.jpg 1 34 32 108 154  
001931.jpg 1 34 32 108 154  
001932.jpg 1 34 32 108 154  
001933.jpg 1 34 32 108 154  
001934.jpg 1 34 32 108 154  
001935.jpg 1 34 32 108 154  
001936.jpg 1 34 32 108 154  
001937.jpg 1 34 32 108 154  
001938.jpg 1 34 32 108 154  
001939.jpg 1 34 32 108 154  
001940.jpg 1 34 32 108 154  
001941.jpg 1 34 32 108 154  
001942.jpg 1 34 32 108 154  
001943.jpg 1 34 32 108 154  
001944.jpg 1 34 32 108 154  
001945.jpg 1 34 32 108 154  
001946.jpg 1 34 32 108 154  
001947.jpg 1 34 32 108 154  
001948.jpg 1 34 32 108 154  
001949.jpg 1 34 32 108 154  
001950.jpg 1 34 32 108 154  
001951.jpg 1 34 32 108 154  
001952.jpg 1 34 32 108 154  
001953.jpg 1 34 32 108 154  
001954.jpg 1 34 32 108 154  
001955.jpg 1 34 32 108 154  
001956.jpg 1 34 32 108 154  
001957.jpg 1 34 32 108 154  
001958.jpg 1 34 32 108 154  
001959.jpg 1 34 32 108 154  
001960.jpg 1 34 32 108 154  
001961.jpg 1 34 32 108 154  
001962.jpg 1 34 32 108 154  
001963.jpg 1 34 32 108 154  
001964.jpg 1 34 32 108 154  
001965.jpg 1 34 32 108 154  
001966.jpg 1 34 32 108 154  
001967.jpg 1 34 32 108 154  
001968.jpg 1 34 32 108 154  
001969.jpg 1 34 32 108 154  
001970.jpg 1 34 32 108 154  
001971.jpg 1 34 32 108 154  
001972.jpg 1 34 32 108 154  
001973.jpg 1 34 32 108 154  
001974.jpg 1 34 32 108 154  
001975.jpg 1 34 32 108 154  
001976.jpg 1 34 32 108 154  
001977.jpg 1 34 32 108 154  
001978.jpg 1 34 32 108 154  
001979.jpg 1 34 32 108 154  
001980.jpg 1 34 32 108 154  
001981.jpg 1 34 32 108 154  
001982.jpg 1 34 32 108 154  
001983.jpg 1 34 32 108 154  
001984.jpg 1 34 32 108 154  
001985.jpg 1 34 32 108 154  
001986.jpg 1 34 32 108 154  
001987.jpg 1 34 32 108 154  
001988.jpg 1 34 32 108 154  
001989.jpg 1 34 32 108 154  
001990.jpg 1 34 32 108 154  
001991.jpg 1 34 32 108 154  
001992.jpg 1 34 32 108 154  
001993.jpg 1 34 32 108 154  
001994.jpg 1 34 32 108 154  
001995.jpg 1 34 32 108 154  
001996.jpg 1 34 32 108 154  
001997.jpg 1 34 32 108 154  
001998.jpg 1 34 32 108 154  
001999.jpg 1 34 32 108 154  
002000.jpg 1 34 32 108 154  
002001.jpg 1 34 32 108 154  
002002.jpg 1 34 32 108 154  
002003.jpg 1 34 32 108 154  
002004.jpg 1 34 32 108 154  
002005.jpg 1 34 32 108 154  
002006.jpg 1 34 32 108 154  
002007.jpg 1 34 32 108 154  
002008.jpg 1 34 32 108 154  
002009.jpg 1 34 32 108 154  
002010.jpg 1 34 32 108 154  
002011.jpg 1 34 32 108 154  
002012.jpg 1 34 32 108 154  
002013.jpg 1 34 32 108 154  
002014.jpg 1 34 32 108 154  
002015.jpg 1 34 32 108 154  
002016.jpg 1 34 32 108 154  
002017.jpg 1 34 32 108 154  
002018.jpg 1 34 32 108 154  
002019.jpg 1 34 32 108 154  
002020.jpg 1 34 32 108 154  
002021.jpg 1 34 32 108 154  
002022.jpg 1 34 32 108 154  
002023.jpg 1 34 32 108 154  
002024.jpg 1 34 32 108 154  
002025.jpg 1 34 32 108 154  
002026.jpg 1 34 32 108 154  
002027.jpg 1 34 32 108 154  
002028.jpg 1 34 32 108 154  
002029.jpg 1 34 32 108 154  
002030.jpg 1 34 32 108 154  
002031.jpg 1 34 32 108 154  
002032.jpg 1 34 32 108 154  
002033.jpg 1 34 32 108 154  
002034.jpg 1 34 32 108 154  
002035.jpg 1 34 32 108 154  
002036.jpg 1 34 32 108 154  
002037.jpg 1 34 32 108 154  
002038.jpg 1 34 32 108 154  
002039.jpg 1 34 32 108 154  
002040.jpg 1 34 32 108 154  
002041.jpg 1 34 32 108 154  
002042.jpg 1 34 32 108 154  
002043.jpg 1 34 32 108 154  
002044.jpg 1 34 32 108 154  
002045.jpg 1 34 32 108 154  
002046.jpg 1 34 32 108 154  
002047.jpg 1 34 32 108 154  
002048.jpg 1 34 32 108 154  
002049.jpg 1 34 32 108 154  
002050.jpg 1 34 32 108 154  
002051.jpg 1 34 32 108 154  
002052.jpg 1 34 32 108 154  
002053.jpg 1 34 32 108 154  
002054.jpg 1 34 32 108 154  
002055.jpg 1 34 32 108 154  
002056.jpg 1 34 32 108 154  
002057.jpg 1 34 32 108 154  
002058.jpg 1 34 32 108 154  
002059.jpg 1 34 32 108 154  
002060.jpg 1 34 32 108 154  
002061.jpg 1 34 32 108 154  
002062.jpg 1 34 32 108 154  
002063.jpg 1 34 32 108 154  
002064.jpg 1 34 32 108 154  
002065.jpg 1 34 32 108 154  
002066.jpg 1 34 32 108 154  
002067.jpg 1 34 32 108 154  
002068.jpg 1 34 32 108 154  
002069.jpg 1 34 32 108 154  
002070.jpg 1 34 32 108 154  
002071.jpg 1 34 32 108 154  
002072.jpg 1 34 32 108 154  
002073.jpg 1 34 32 108 154  
002074.jpg 1 34 32 108 154  
002075.jpg 1 34 32 108 154  
002076.jpg 1 34 32 108 154  
002077.jpg 1 34 32 108 154  
002078.jpg 1 34 32 108 154  
002079.jpg 1 34 32 108 154  
002080.jpg 1 34 32 108 154  
002081.jpg 1 34 32 108 154  
002082.jpg 1 34 32 108 154  
002083.jpg 1 34 32 108 154  
002084.jpg 1 34 32 108 154  
002085.jpg 1 34 32 108 154  
002086.jpg 1 34 32 108 154  
002087.jpg 1 34 32 108 154  
002088.jpg 1 34 32 108 154  
002089.jpg 1 34 32 108 154  
002090.jpg 1 34 32 108 154  
002091.jpg 1 34 32 108 154  
002092.jpg 1 34 32 108 154  
002093.jpg 1 34 32 108 154  
002094.jpg 1 34 32 108 154  
002095.jpg 1 34 32 108 154  
002096.jpg 1 34 32 108 154  
002097.jpg 1 34 32 108 154  
002098.jpg 1 34 32 108 154  
002099.jpg 1 34 32 108 154  
002100.jpg 1 34 32 108 154  
002101.jpg 1 34 32 108 154  
002102.jpg 1 34 32 108 154  
002103.jpg 1 34 32 108 154  
002104.jpg 1 34 32 108 154  
002105.jpg 1 34 32 108 154  
002106.jpg 1 34 32 108 154  
002107.jpg 1 34 32 108 154  
002108.jpg 1 34 32 108 154  
002109.jpg 1 34 32 108 154  
002110.jpg 1 34 32 108 154  
002111.jpg 1 34 32 108 154  
002112.jpg 1 34 32 108 154  
002113.jpg 1 34 32 108 154  
002114.jpg 1 34 32 108 154  
002115.jpg 1 34 32 108 154  
002116.jpg 1 34 32 108 154  
002117.jpg 1 34 32 108 154  
002118.jpg 1 34 32 108 154  
002119.jpg 1 34 32 108 154  
002120.jpg 1 34 32 108 154  
002121.jpg 1 34 32 108 154  
002122.jpg 1 34 32 108 154  
002123.jpg 1 34 32 108 154  
002124.jpg 1 34 32 108 154  
002125.jpg 1 34 32 108 154  
002126.jpg 1 34 32 108 154  
002127.jpg 1 34 32 108 154  
002128.jpg 1 34 32 108 154  
002129.jpg 1 34 32 108 154  
002130.jpg 1 34 32 108 154  
002131.jpg 1 34 32 108 154  
002132.jpg 1 34 32 108 154  
002133.jpg 1 34 32 108 154  
002134.jpg 1 34 32 108 154  
002135.jpg 1 34 32 108 154  
002136.jpg 1 34 32 108 154  
002137.jpg 1 34 32 108 154  
002138.jpg 1 34 32 108 154  
002139.jpg 1 34 32 108 154  
002140.jpg 1 34 32 108 154  
002141.jpg 1 34 32 108 154  
002142.jpg 1 34 32 108 154  
002143.jpg 1 34 32 108 154  
002144.jpg 1 34 32 108 154  
002145.jpg 1 34 32 108 154  
002146.jpg 1 34 32 108 154  
002147.jpg 1 34 32 108 154  
002148.jpg 1 34 32 108 154  
002149.jpg 1 34 32 108 154  
002150.jpg 1 34 32 108 154  
002151.jpg 1 34 32 108 154  
002152.jpg 1 34 32 108 154  
002153.jpg 1 34 32 108 154  
002154.jpg 1 34 32 108 154  
002155.jpg 1 34 32 108 154  
002156.jpg 1 34 32 108 154  
002157.jpg 1 34 32 108 154  
002158.jpg 1 34 32 108 154  
002159.jpg 1 34 32 108 154  
002160.jpg 1 34 32 108 154  
002161.jpg 1 34 32 108 154  
002162.jpg 1 34 32 108 154  
002163.jpg 1 34 32 108 154  
002164.jpg 1 34 32 108 154  
002165.jpg 1 34 32 108 154  
002166.jpg 1 34 32 108 154  
002167.jpg 1 34 32 108 154  
002168.jpg 1 34 32 108 154  
002169.jpg 1 34 32 108 154  
002170.jpg 1 34 32 108 154  
002171.jpg 1 34 32 108 154  
002172.jpg 1 34 32 108 154  
002173.jpg 1 34 32 108 154  
002174.jpg 1 34 32 108 154  
002175.jpg 1 34 32 108 154  
002176.jpg 1 34 32 108 154  
002177.jpg 1 34 32 108 154  
002178.jpg 1 34 32 108 154  
002179.jpg 1 34 32 108 154  
002180.jpg 1 34 32 108 154  
002181.jpg 1 34 32 108 154  
002182.jpg 1 34 32 108 154  
002183.jpg 1 34 32 108 154  
002184.jpg 1 34 32 108 154  
002185.jpg 1 34 32 108 154  
002186.jpg 1 34 32 108 154  
002187.jpg 1 34 32 108 154  
002188.jpg 1 34 32 108 154  
002189.jpg 1 34 32 108 154  
002190.jpg 1 34 32 108 154  
002191.jpg 1 34 32 108 154  
002192.jpg 1 34 32 108 154  
002193.jpg 1 34 32 108 154  
002194.jpg 1 34 32 108 154  
002195.jpg 1 34 32 108 154  
002196.jpg 1 34 32 108 154  
002197.jpg 1 34 32 108 154  
002198.jpg 1 34 32 108 154  
002199.jpg 1 34 32 108 154  
002200.jpg 1 34 32 108 154  
002201.jpg 1 34 32 108 154  
002202.jpg 1 34 32 108 154  
002203.jpg 1 34 32 108 154  
002204.jpg 1 34 32 108 154  
002205.jpg 1 34 32 108 154  
002206.jpg 1 34 32 108 154  
002207.jpg 1 34 32 108 154  
002208.jpg 1 34 32 108 154  
002209.jpg 1 34 32 108 154  
002210.jpg 1 34 32 108 154  
002211.jpg 1 34 32 108 154  
002212.jpg 1 34 32 108 154  
002213.jpg 1 34 32 108 154  
002214.jpg 1 34 32 108 154  
002215.jpg 1 34 32 108 154  
002216.jpg 1 34 32 108 154  
002217.jpg 1 34 32 108 154  
002218.jpg 1 34 32 108 154  
002219.jpg 1 34 32 108 154  
002220.jpg 1 34 32 108 154  
002221.jpg 1 34 32 108 154  
002222.jpg 1 34 32 108 154  
002223.jpg 1 34 32 108 154  
002224.jpg 1 34 32 108 154  
002225.jpg 1 34 32 108 154  
002226.jpg 1 34 32 108 154  
002227.jpg 1 34 32 108 154  
002228.jpg 1 34 32 108 154  
002229.jpg 1 34 32 108 154  
002230.jpg 1 34 32 108 154  
002231.jpg 1 34 32 108 154  
002232.jpg 1 34 32 108 154  
002233.jpg 1 34 32 108 154  
002234.jpg 1 34 32 108 154  
002235.jpg 1 34 32 108 154  
002236.jpg 1 34 32 108 154  
002237.jpg 1 34 32 108 154  
002238.jpg 1 34 32 108 154  
002239.jpg 1 34 32 108 154  
002240.jpg 1 34 32 108 154  
002241.jpg 1 34 32 108 154  
002242.jpg 1 34 32 108 154  
002243.jpg 1 34 32 108 154  
002244.jpg 1 34 32 108 154  
002245.jpg 1 34 32 108 154  
002246.jpg 1 34 32 108 154  
002247.jpg 1 34 32 108 154  
002248.jpg 1 34 32 108 154  
002249.jpg 1 34 32 108 154  
002250.jpg 1 34 32 108 154  
002251.jpg 1 34 32 108 154  
002252.jpg 1 34 32 108 154  
002253.jpg 1 34 32 108 154  
002254.jpg 1 34 32 108 154  
002255.jpg 1 34 32 108 154  
002256.jpg 1 34 32 108 154  
002257.jpg 1 34 32 108 154  
002258.jpg 1 34 32 108 154  
002259.jpg 1 34 32 108 154  
002260.jpg 1 34 32 108 154  
002261.jpg 1 34 32 108 154  
002262.jpg 1 34 32 108 154  
002263.jpg 1 34 32 108 154  
002264.jpg 1 34 32 108 154  
002265.jpg 1 34 32 108 154  
002266.jpg 1 34 32 108 154  
002267.jpg 1 34 32 108 154  
002268.jpg 1 34 32 108 154  
002269.jpg 1 34 32 108 154  
002270.jpg 1 34 32 108 154  
002271.jpg 1 34 32 108 154  
002272.jpg 1 34 32 108 154  
002273.jpg 1 34 32 108 154  
002274.jpg 1 34 32 108 154  
002275.jpg 1 34 32 108 154  
002276.jpg 1 34 32 108 154  
002277.jpg 1 34 32 108 154  
002278.jpg 1 34 32 108 154  
002279.jpg 1 34 32 108 154  
002280.jpg 1 34 32 108 154  
002281.jpg 1 34 32 108 154  
002282.jpg 1 34 32 108 154  
002283.jpg 1 34 32 108 154  
002284.jpg 1 34 32 108 154  
002285.jpg 1 34 32 108 154  
002286.jpg 1 34 32 108 154  
002287.jpg 1 34 32 108 154  
002288.jpg 1 34 32 108 154  
002289.jpg 1 34 32 108 154  
002290.jpg 1 34 32 108 154  
002291.jpg 1 34 32 108 154  
002292.jpg 1 34 32 108 154  
002293.jpg 1 34 32 108 154  
002294.jpg 1 34 32 108 154  
002295.jpg 1 34 32 108 154  
002296.jpg 1 34 32 108 154  
002297.jpg 1 34 32 108 154  
002298.jpg 1 34 32 108 154  
002299.jpg 1 34 32 108 154  
002300.jpg 1 34 32 108 154  
002301.jpg 1 34 32 108 154  
002302.jpg 1 34 32 108 154  
002303.jpg 1 34 32 108 154  
002304.jpg 1 34 32 108 154  
002305.jpg 1 34 32 108 154  
002306.jpg 1 34 32 108 154  
002307.jpg 1 34 32 108 154  
002308.jpg 1 34 32 108 154  
002309.jpg 1 34 32 108 154  
002310.jpg 1 34 32 108 154  
002311.jpg 1 34 32 108 154  
002312.jpg 1 34 32 108 154  
002313.jpg 1 34 32 108 154  
002314.jpg 1 34 32 108 154  
002315.jpg 1 34 32 108 154  
002316.jpg 1 34 32 108 154  
002317.jpg 1 34 32 108 154  
002318.jpg 1 34 32 108 154  
002319.jpg 1 34 32 108 154  
002320.jpg 1 34 32 108 154  
002321.jpg 1 34 32 108 154  
002322.jpg 1 34 32 108 154  
002323.jpg 1 34 32 108 154  
002324.jpg 1 34 32 108 154  
002325.jpg 1 34 32 108 154  
002326.jpg 1 34 32 108 154  
002327.jpg 1 34 32 108 154  
002328.jpg 1 34 32 108 154  
002329.jpg 1 34 32 108 154  
002330.jpg 1 34 32 108 154  
002331.jpg 1 34 32 108 154  
002332.jpg 1 34 32 108 154  
002333.jpg 1 34 32 108 154  
002334.jpg 1 34 32 108 154  
002335.jpg 1 34 32 108 154  
002336.jpg 1 34 32 108 154  
002337.jpg 1 34 32 108 154  
002338.jpg 1 34 32 108 154  
002339.jpg 1 34 32 108 154  
002340.jpg 1 34 32 108 154  
002341.jpg 1 34 32 108 154  
002342.jpg 1 34 32 108 154  
002343.jpg 1 34 32 108 154  
002344.jpg 1 34 32 108 154  
002345.jpg 1 34 32 108 154  
002346.jpg 1 34 32 108 154  
002347.jpg 1 34 32 108 154  
002348.jpg 1 34 32 108 154  
002349.jpg 1 34 32 108 154  
002350.jpg 1 34 32 108 154  
002351.jpg 1 34 32 108 154  
002352.jpg 1 34 32 108 154  
002353.jpg 1 34 32 108 154  
002354.jpg 1 34 32 108 154  
002355.jpg 1 34 32 108 154  
002356.jpg 1 34 32 108 154  
002357.jpg 1 34 32 108 154  
002358.jpg 1 34 32 108 154  
002359.jpg 1 34 32 108 154  
002360.jpg 1 34 32 108 154  
002361.jpg 1 34 32 108 154  
002362.jpg 1 34 32 108 154  
002363.jpg 1 34 32 108 154  
002364.jpg 1 34 32 108 154  
002365.jpg 1 34 32 108 154  
002366.jpg 1 34 32 108 154  
002367.jpg 1 34 32 108 154  
002368.jpg 1 34 32 108 154  
002369.jpg 1 34 32 108 154  
002370.jpg 1 34 32 108 154  
002371.jpg 1 34 32 108 154  
002372.jpg 1 34 32 108 154  
002373.jpg 1 34 32 108 154  
002374.jpg 1 34 32 108 154  
002375.jpg 1 34 32 108 154  
002376.jpg 1 34 32 108 154  
002377.jpg 1 34 32 108 154  
002378.jpg 1 34 32 108 154  
002379.jpg 1 34 32 108 154  
002380.jpg 1 34 32 108 154  
002381.jpg 1 34 32 108 154  
002382.jpg 1 34 32 108 154  
002383.jpg 1 34 32 108 154  
002384.jpg 1 34 32 108 154  
002385.jpg 1 34 32 108 154  
002386.jpg 1 34 32 108 154  
002387.jpg 1 34 32 108 154  
002388.jpg 1 34 32 108 154  
002389.jpg 1 34 32 108 154  
002390.jpg 1 34 32 108 154  
002391.jpg 1 34 32 108 154  
002392.jpg 1 34 32 108 154  
002393.jpg 1 34 32 108 154  
002394.jpg 1 34 32 108 154  
002395.jpg 1 34 32 108 154  
002396.jpg 1 34 32 108 154  
002397.jpg 1 34 32 108 154  
002398.jpg 1 34 32 108 154  
002399.jpg 1 34 32 108 154  
002400.jpg 1 34 32 108 154  
002401.jpg 1 34 32 108 154  
002402.jpg 1 34 32 108 154  
002403.jpg 1 34 32 108 154  
002404.jpg 1 34 32 108 154  
002405.jpg 1 34 32 108 154  
002406.jpg 1 34 32 108 154  
002407.jpg 1 34 32 108 154  
002408.jpg 1 34 32 108 154  
002409.jpg 1 34 32 108 154  
002410.jpg 1 34 32 108 154  
002411.jpg 1 34 32 108 154  
002412.jpg 1 34 32 108 154  
002413.jpg 1 34 32 108 154  
002414.jpg 1 34 32 108 154  
002415.jpg 1 34 32 108 154  
002416.jpg 1 34 32 108 154  
002417.jpg 1 34 32 108 154  
002418.jpg 1 34 32 108 154  
002419.jpg 1 34 32 108 154  
002420.jpg 1 34 32 108 154  
002421.jpg 1 34 32 108 154  
002422.jpg 1 34 32 108 154  
002423.jpg 1 34 32 108 154  
002424.jpg 1 34 32 108 154  
002425.jpg 1 34 32 108 154  
002426.jpg 1 34 32 108 154  
002427.jpg 1 34 32 108 154  
002428.jpg 1 34 32 108 154  
002429.jpg 1 34 32 108 154  
002430.jpg 1 34 32 108 154  
002431.jpg 1 34 32 108 154  
002432.jpg 1 34 32 108 154  
002433.jpg 1 34 32 108 154  
002434.jpg 1 34 32 108 154  
002435.jpg 1 34 32 108 154  
002436.jpg 1 34 32 108 154  
002437.jpg 1 34 32 108 154  
002438.jpg 1 34 32 108 154  
002439.jpg 1 34 32 108 154  
002440.jpg 1 34 32 108 154  
002441.jpg 1 34 32 108 154  
002442.jpg 1 34 32 108 154  
002443.jpg 1 34 32 108 154  
002444.jpg 1 34 32 108 154  
002445.jpg 1 34 32 108 154  
002446.jpg 1 34 32 108 154  
002447.jpg 1 34 32 108 154  
002448.jpg 1 34 32 108 154  
002449.jpg 1 34 32 108 154  
002450.jpg 1 34 32 108 154  
002451.jpg 1 34 32 108 154  
002452.jpg 1 34 32 108 154  
002453.jpg 1 34 32 108 154  
002454.jpg 1 34 32 108 154  
002455.jpg 1 34 32 108 154  
002456.jpg 1 34 32 108 154  
002457.jpg 1 34 32 108 154  
002458.jpg 1 34 32 108 154  
002459.jpg 1 34 32 108 154  
002460.jpg 1 34 32 108 154  
002461.jpg 1 34 32 108 154  
002462.jpg 1 34 32 108 154  
002463.jpg 1 34 32 108 154  
002464.jpg 1 34 32 108 154  
002465.jpg 1 34 32 108 154  
002466.jpg 1 34 32 108 154  
002467.jpg 1 34 32 108 154  
002468.jpg 1 34 32 108 154  
002469.jpg 1 34 32 108 154  
002470.jpg 1 34 32 108 154  
002471.jpg 1 34 32 108 154  
002472.jpg 1 34 32 108 154  
002473.jpg 1 34 32 108 154  
002474.jpg 1 34 32 108 154  
002475.jpg 1 34 32 108 154  
002476.jpg 1 34 32 108 154  
002477.jpg 1 34 32 108 154  
002478.jpg 1 34 32 108 154  
002479.jpg 1 34 32 108 154  
002480.jpg 1 34 32 108 154  
002481.jpg 1 34 32 108 154  
002482.jpg 1 34 32 108 154  
002483.jpg 1 34 32 108 154  
002484.jpg 1 34 32 108 154  
002485.jpg 1 34 32 108 154  
002486.jpg 1 34 32 108 154  
002487.jpg 1 34 32 108 154  
002488.jpg 1 34 32 108 154  
002489.jpg 1 34 32 108 154  
002490.jpg 1 34 32 108 154  
002491.jpg 1 34 32 108 154  
002492.jpg 1 34 32 108 154  
002493.jpg 1 34 32 108 154  
002494.jpg 1 34 32 108 154  
002495.jpg 1 34 32 108 154  
002496.jpg 1 34 32 108 154  
002497.jpg 1 34 32 108 154  
002498.jpg 1 34 32 108 154  
002499.jpg 1 34 32 108 154  
002500.jpg 1 34 32 108 154  
002501.jpg 1 34 32 108 154  
002502.jpg 1 34 32 108 154  
002503.jpg 1 34 32 108 154  
002504.jpg 1 34 32 108 154  
002505.jpg 1 34 32 108 154  
002506.jpg 1 34 32 108 154  
002507.jpg 1 34 32 108 154  
002508.jpg 1 34 32 108 154  
002509.jpg 1 34 32 108 154  
002510.jpg 1 34 32 108 154  
002511.jpg 1 34 32 108 154  
002512.jpg 1 34 32 108 154  
002513.jpg 1 34 32 108 154  
002514.jpg 1 34 32 108 154  
002515.jpg 1 34 32 108 154  
002516.jpg 1 34 32 108 154  
002517.jpg 1 34 32 108 154  
002518.jpg 1 34 32 108 154  
002519.jpg 1 34 32 108 154  
002520.jpg 1 34 32 108 154  
002521.jpg 1 34 32 108 154  
002522.jpg 1 34 32 108 154  
002523.jpg 1 34 32 108 154  
002524.jpg 1 34 32 108 154  
002525.jpg 1 34 32 108 154  
002526.jpg 1 34 32 108 154  
002527.jpg 1 34 32 108 154  
002528.jpg 1 34 32 108 154  
002529.jpg 1 34 32 108 154  
002530.jpg 1 34 32 108 154  
002531.jpg 1 34 32 108 154  
002532.jpg 1 34 32 108 154  
002533.jpg 1 34 32 108 154  
002534.jpg 1 34 32 108 154  
002535.jpg 1 34 32 108 154  
002536.jpg 1 34 32 108 154  
002537.jpg 1 34 32 108 154  
002538.jpg 1 34 32 108 154  
002539.jpg 1 34 32 108 154  
002540.jpg 1 34 32 108 154  
002541.jpg 1 34 32 108 154  
002542.jpg 1 34 32 108 154  
002543.jpg 1 34 32 108 154  
002544.jpg 1 34 32 108 154  
002545.jpg 1 34 32 108 154  
002546.jpg 1 34 32 108 154  
002547.jpg 1 34 32 108 154  
002548.jpg 1 34 32 108 154  
002549.jpg 1 34 32 108 154  
002550.jpg 1 34 32 108 154  
002551.jpg 1 34 32 108 154  
002552.jpg 1 34 32 108 154  
002553.jpg 1 34 32 108 154  
002554.jpg 1 34 32 108 154  
002555.jpg 1 34 32 108 154  
002556.jpg 1 34 32 108 154  
002557.jpg 1 34 32 108 154  
002558.jpg 1 34 32 108 154  
002559.jpg 1 34 32 108 154  
002560.jpg 1 34 32 108 154  
002561.jpg 1 34 32 108 154  
002562.jpg 1 34 32 108 154  
002563.jpg 1 34 32 108 154  
002564.jpg 1 34 32 108 154  
002565.jpg 1 34 32 108 154  
002566.jpg 1 34 32 108 154  
002567.jpg 1 34 32 108 154  
002568.jpg 1 34 32 108 154  
002569.jpg 1 34 32 108 154  
002570.jpg 1 34 32 108 154  
002571.jpg 1 34 32 108 154  
002572.jpg 1 34 32 108 154  
002573.jpg 1 34 32 108 154  
002574.jpg 1 34 32 108 154  
002575.jpg 1 34 32 108 154  
002576.jpg 1 34 32 108 154  
002577.jpg 1 34 32 108 154  
002578.jpg 1 34 32 108 154  
002579.jpg 1 34 32 108 154  
002580.jpg 1 34 32 108 154  
002581.jpg 1 34 32 108 154  
002582.jpg 1 34 32 108 154  
002583.jpg 1 34 32 108 154  
002584.jpg 1 34 32 108 154  
002585.jpg 1 34 32 108 154  
002586.jpg 1 34 32 108 154  
002587.jpg 1 34 32 108 154  
002588.jpg 1 34 32 108 154  
002589.jpg 1 34 32 108 154  
002590.jpg 1 34 32 108 154  
002591.jpg 1 34 32 108 154  
002592.jpg 1 34 32 108 154  
002593.jpg 1 34 32 108 154  
002594.jpg 1 34 32 108 154  
002595.jpg 1 34 32 108 154  
002596.jpg 1 34 32 108 154  
002597.jpg 1 34 32 108 154  
002598.jpg 1 34 32 108 154  
002599.jpg 1 34 32 108 154  
002600.jpg 1 34 32 108 154  
002601.jpg 1 34 32 108 154  
002602.jpg 1 34 32 108 154  
002603.jpg 1 34 32 108 154  
002604.jpg 1 34 32 108 154  
002605.jpg 1 34 32 108 154  
002606.jpg 1 34 32 108 154  
002607.jpg 1 34 32 108 154  
002608.jpg 1 34 32 108 154  
002609.jpg 1 34 32 108 154  
002610.jpg 1 34 32 108 154  
002611.jpg 1 34 32 108 154  
002612.jpg 1 34 32 108 154  
002613.jpg 1 34 32 108 154  
002614.jpg 1 34 32 108 154  
002615.jpg 1 34 32 108 154  
002616.jpg 1 34 32 108 154  
002617.jpg 1 34 32 108 154  
002618.jpg 1 34 32 108 154  
002619.jpg 1 34 32 108 154  
002620.jpg 1 34 32 108 154  
002621.jpg 1 34 32 108 154  
002622.jpg 1 34 32 108 154  
002623.jpg 1 34 32 108 154  
002624.jpg 1 34 32 108 154  
002625.jpg 1 34 32 108 154  
002626.jpg 1 34 32 108 154  
002627.jpg 1 34 32 108 154  
002628.jpg 1 34 32 108 154  
002629.jpg 1 34 32 108 154  
002630.jpg 1 34 32 108 154  
002631.jpg 1 34 32 108 154  
002632.jpg 1 34 32 108 154  
002633.jpg 1 34 32 108 154  
002634.jpg 1 34 32 108 154  
002635.jpg 1 34 32 108 154  
002636.jpg 1 34 32 108 154  
002637.jpg 1 34 32 108 154  
002638.jpg 1 34 32 108 154  
002639.jpg 1 34 32 108 154  
002640.jpg 1 34 32 108 154  
002641.jpg 1 34 32 108 154  
002642.jpg 1 34 32 108 154  
002643.jpg 1 34 32 108 154  
002644.jpg 1 34 32 108 154  
002645.jpg 1 34 32 108 154  
002646.jpg 1 34 32 108 154  
002647.jpg 1 34 32 108 154  
002648.jpg 1 34 32 108 154  
002649.jpg 1 34 32 108 154  
002650.jpg 1 34 32 108 154  
002651.jpg 1 34 32 108 154  
002652.jpg 1 34 32 108 154  
002653.jpg 1 34 32 108 154  
002654.jpg 1 34 32 108 154  
002655.jpg 1 34 32 108 154  
002656.jpg 1 34 32 108 154  
002657.jpg 1 34 32 108 154  
002658.jpg 1 34 32 108 154  
002659.jpg 1 34 32 108 154  
002660.jpg 1 34 32 108 154  
002661.jpg 1 34 32 108 154  
002662.jpg 1 34 32 108 154  
002663.jpg 1 34 32 108 154  
002664.jpg 1 34 32 108 154  
002665.jpg 1 34 32 108 154  
002666.jpg 1 34 32 108 154  
002667.jpg 1 34 32 108 154  
002668.jpg 1 34 32 108 154  
002669.jpg 1 34 32 108 154  
002670.jpg 1 34 32 108 154  
002671.jpg 1 34 32 108 154  
002672.jpg 1 34 32 108 154  
002673.jpg 1 34 32 108 154  
002674.jpg 1 34 32 108 154  
002675.jpg 1 34 32 108 154  
002676.jpg 1 34 32 108 154  
002677.jpg 1 34 32 108 154  
002678.jpg 1 34 32 108 154  
002679.jpg 1 34 32 108 154  
002680.jpg 1 34 32 108 154  
002681.jpg 1 34 32 108 154  
002682.jpg 1 34 32 108 154  
002683.jpg 1 34 32 108 154  
002684.jpg 1 34 32 108 154  
002685.jpg 1 34 32 108 154  
002686.jpg 1 34 32 108 154  
002687.jpg 1 34 32 108 154  
002688.jpg 1 34 32 108 154  
002689.jpg 1 34 32 108 154  
002690.jpg 1 34 32 108 154  
002691.jpg 1 34 32 108 154  
002692.jpg 1 34 32 108 154  
002693.jpg 1 34 32 108 154  
002694.jpg 1 34 32 108 154  
002695.jpg 1 34 32 108 154  
002696.jpg 1 34 32 108 154  
002697.jpg 1 34 32 108 154  
002698.jpg 1 34 32 108 154  
002699.jpg 1 34 32 108 154  
002700.jpg 1 34 32 108 154  
002701.jpg 1 34 32 108 154  
002702.jpg 1 34 32 108 154  
002703.jpg 1 34 32 108 154  
002704.jpg 1 34 32 108 154  
002705.jpg 1 34 32 108 154  
002706.jpg 1 34 32 108 154  
002707.jpg 1 34 32 108 154  
002708.jpg 1 34 32 108 154  
002709.jpg 1 34 32 108 154  
002710.jpg 1 34 32 108 154  
002711.jpg 1 34 32 108 154  
002712.jpg 1 34 32 108 154  
002713.jpg 1 34 32 108 154  
002714.jpg 1 34 32 108 154  
002715.jpg 1 34 32 108 154  
002716.jpg 1 34 32 108 154  
002717.jpg 1 34 32 108 154  
002718.jpg 1 34 32 108 154  
002719.jpg 1 34 32 108 154  
002720.jpg 1 34 32 108 154  
002721.jpg 1 34 32 108 154  
002722.jpg 1 34 32 108 154  
002723.jpg 1 34 32 108 154  
002724.jpg 1 34 32 108 154  
002725.jpg 1 34 32 108 154  
002726.jpg 1 34 32 108 154  
002727.jpg 1 34 32 108 154  
002728.jpg 1 34 32 108 154  
002729.jpg 1 34 32 108 154  
002730.jpg 1 34 32 108 154  
002731.jpg 1 34 32 108 154  
002732.jpg 1 34 32 108 154  
002733.jpg 1 34 32 108 154  
002734.jpg 1 34 32 108 154  
002735.jpg 1 34 32 108 154  
002736.jpg 1 34 32 108 154  
002737.jpg 1 34 32 108 154  
002738.jpg 1 34 32 108 154  
002739.jpg 1 34 32 108 154  
002740.jpg 1 34 32 108 154  
002741.jpg 1 34 32 108 154  
002742.jpg 1 34 32 108 154  
002743.jpg 1 34 32 108 154  
002744.jpg 1 34 32 108 154  
002745.jpg 1 34 32 108 154  
002746.jpg 1 34 32 108 154  
002747.jpg 1 34 32 108 154  
002748.jpg 1 34 32 108 154  
002749.jpg 1 34 32 108 154  
002750.jpg 1 34 32 108 154  
002751.jpg 1 34 32 108 154  
002752.jpg 1 34 32 108 154  
002753.jpg 1 34 32 108 154  
002754.jpg 1 34 32 108 154  
002755.jpg 1 34 32 108 154  
002756.jpg 1 34 32 108 154  
002757.jpg 1 34 32 108 154  
002758.jpg 1 34 32 108 154  
002759.jpg 1 34 32 108 154  
002760.jpg 1 34 32 108 154  
002761.jpg 1 34 32 108 154  
002762.jpg 1 34 32 108 154  
002763.jpg 1 34 32 108 154  
002764.jpg 1 34 32 108 154  
002765.jpg 1 34 32 108 154  
002766.jpg 1 34 32 108 154  
002767.jpg 1 34 32 108 154  
002768.jpg 1 34 32 108 154  
002769.jpg 1 34 32 108 154  
002770.jpg 1 34 32 108 154  
002771.jpg 1 34 32 108 154  
002772.jpg 1 34 32 108 154  
002773.jpg 1 34 32 108 154  
002774.jpg 1 34 32 108 154  
002775.jpg 1 34 32 108 154  
002776.jpg 1 34 32 108 154  
002777.jpg 1 34 32 108 154  
002778.jpg 1 34 32 108 154  
002779.jpg 1 34 32 108 154  
002780.jpg 1 34 32 108 154  
002781.jpg 1 34 32 108 154  
002782.jpg 1 34 32 108 154  
002783.jpg 1 34 32 108 154  
002784.jpg 1 34 32 108 154  
002785.jpg 1 34 32 108 154  
002786.jpg 1 34 32 108 154  
002787.jpg 1 34 32 108 154  
002788.jpg 1 34 32 108 154  
002789.jpg 1 34 32 108 154  
002790.jpg 1 34 32 108 154  
002791.jpg 1 34 32 108 154  
002792.jpg 1 34 32 108 154  
002793.jpg 1 34 32 108 154  
002794.jpg 1 34 32 108 154  
002795.jpg 1 34 32 108 154  
002796.jpg 1 34 32 108 154  
002797.jpg 1 34 32 108 154  
002798.jpg 1 34 32 108 154  
002799.jpg 1 34 32 108 154  
002800.jpg 1 34 32 108 154  
002801.jpg 1 34 32 108 154  
002802.jpg 1 34 32 108 154  
002803.jpg 1 34 32 108 154  
002804.jpg 1 34 32 108 154  
002805.jpg 1 34 32 108 154  
002806.jpg 1 34 32 108 154  
002807.jpg 1 34 32 108 154  
002808.jpg 1 34 32 108 154  
002809.jpg 1 34 32 108 154  
002810.jpg 1 34 32 108 154  
002811.jpg 1 34 32 108 154  
002812.jpg 1 34 32 108 154  
002813.jpg 1 34 32 108 154  
002814.jpg 1 34 32 108 154  
002815.jpg 1 34 32 108 154  
002816.jpg 1 34 32 108 154  
002817.jpg 1 34 32 108 154  
002818.jpg 1 34 32 108 154  
002819.jpg 1 34 32 108 154  
002820.jpg 1 34 32 108 154  
002821.jpg 1 34 32 108 154  
002822.jpg 1 34 32 108 154  
002823.jpg 1 34 32 108 154  
002824.jpg 1 34 32 108 154  
002825.jpg 1 34 32 108 154  
002826.jpg 1 34 32 108 154  
002827.jpg 1 34 32 108 154  
002828.jpg 1 34 32 108 154  
002829.jpg 1 34 32 108 154  
002830.jpg 1 34 32 108 154  
002831.jpg 1 34 32 108 154  
002832.jpg 1 34 32 108 154  
002833.jpg 1 34 32 108 154  
002834.jpg 1 34 32 108 154  
002835.jpg 1 34 32 108 154  
002836.jpg 1 34 32 108 154  
002837.jpg 1 34 32 108 154  
002838.jpg 1 34 32 108 154  
002839.jpg 1 34 32 108 154  
002840.jpg 1 34 32 108 154  
002841.jpg 1 34 32 108 154  
002842.jpg 1 34 32 108 154  
002843.jpg 1 34 32 108 154  
002844.jpg 1 34 32 108 154  
002845.jpg 1 34 32 108 154  
002846.jpg 1 34 32 108 154  
002847.jpg 1 34 32 108 154  
002848.jpg 1 34 32 108 154  
002849.jpg 1 34 32 108 154  
002850.jpg 1 34 32 108 154  
002851.jpg 1 34 32 108 154  
002852.jpg 1 34 32 108 154  
002853.jpg 1 34 32 108 154  
002854.jpg 1 34 32 108 154  
002855.jpg 1 34 32 108 154  
002856.jpg 1 34 32 108 154  
002857.jpg 1 34 32 108 154  
002858.jpg 1 34 32 108 154  
002859.jpg 1 34 32 108 154  
002860.jpg 1 34 32 108 154  
002861.jpg 1 34 32 108 154  
002862.jpg 1 34 32 108 154  
002863.jpg 1 34 32 108 154  
002864.jpg 1 34 32 108 154  
002865.jpg 1 34 32 108 154  
002866.jpg 1 34 32 108 154  
002867.jpg 1 34 32 108 154  
002868.jpg 1 34 32 108 154  
002869.jpg 1 34 32 108 154  
002870.jpg 1 34 32 108 154  
002871.jpg 1 34 32 108 154  
002872.jpg 1 34 32 108 154  
002873.jpg 1 34 32 108 154  
002874.jpg 1 34 32 108 154  
002875.jpg 1 34 32 108 154  
002876.jpg 1 34 32 108 154  
002877.jpg 1 34 32 108 154  
002878.jpg 1 34 32 108 154  
002879.jpg 1 34 32 108 154  
002880.jpg 1 34 32 108 154  
002881.jpg 1 34 32 108 154  
002882.jpg 1 34 32 108 154  
002883.jpg 1 34 32 108 154  
002884.jpg 1 34 32 108 154  
002885.jpg 1 34 32 108 154  
002886.jpg 1 34 32 108 154  
002887.jpg 1 34 32 108 154  
002888.jpg 1 34 32 108 154  
002889.jpg 1 34 32 108 154  
002890.jpg 1 34 32 108 154  
002891.jpg 1 34 32 108 154  
002892.jpg 1 34 32 108 154  
002893.jpg 1 34 32 108 154  
002894.jpg 1 34 32 108 154  
002895.jpg 1 34 32 108 154  
002896.jpg 1 34 32 108 154  
002897.jpg 1 34 32 108 154  
002898.jpg 1 34 32 108 154  
002899.jpg 1 34 32 108 154  
002900.jpg 1 34 32 108 154  
002901.jpg 1 34 32 108 154  
002902.jpg 1 34 32 108 154  
002903.jpg 1 34 32 108 154  
002904.jpg 1 34 32 108 154  
002905.jpg 1 34 32 108 154  
002906.jpg 1 34 32 108 154  
002907.jpg 1 34 32 108 154  
002908.jpg 1 34 32 108 154  
002909.jpg 1 34 32 108 154  
002910.jpg 1 34 32 108 154  
002911.jpg 1 34 32 108 154  
002912.jpg 1 34 32 108 154  
002913.jpg 1 34 32 108 154  
002914.jpg 1 34 32 108 154  
002915.jpg 1 34 32 108 154  
002916.jpg 1 34 32 108 154  
002917.jpg 1 34 32 108 154  
002918.jpg 1 34 32 108 154  
002919.jpg 1 34 32 108 154  
002920.jpg 1 34 32 108 154  
002921.jpg 1 34 32 108 154  
002922.jpg 1 34 32 108 154  
002923.jpg 1 34 32 108 154  
002924.jpg 1 34 32 108 154  
002925.jpg 1 34 32 108 154  
002926.jpg 1 34 32 108 154  
002927.jpg 1 34 32 108 154  
002928.jpg 1 34 32 108 154  
002929.jpg 1 34 32 108 154  
002930.jpg 1 34 32 108 154  
002931.jpg 1 34 32 108 154  
002932.jpg 1 34 32 108 154  
002933.jpg 1 34 32 108 154  
002934.jpg 1 34 32 108 154  
002935.jpg 1 34 32 108 154  
002936.jpg 1 34 32 108 154  
002937.jpg 1 34 32 108 154  
002938.jpg 1 34 32 108 154  
002939.jpg 1 34 32 108 154  
002940.jpg 1 34 32 108 154  
002941.jpg 1 34 32 108 154  
002942.jpg 1 34 32 108 154  
002943.jpg 1 34 32 108 154  
002944.jpg 1 34 32 108 154  
002945.jpg 1 34 32 108 154  
002946.jpg 1 34 32 108 154  
002947.jpg 1 34 32 108 154  
002948.jpg 1 34 32 108 154  
002949.jpg 1 34 32 108 154  
002950.jpg 1 34 32 108 154  
002951.jpg 1 34 32 108 154  
002952.jpg 1 34 32 108 154  
002953.jpg 1 34 32 108 154  
002954.jpg 1 34 32 108 154  
002955.jpg 1 34 32 108 154  
002956.jpg 1 34 32 108 154  
002957.jpg 1 34 32 108 154  
002958.jpg 1 34 32 108 154  
002959.jpg 1 34 32 108 154  
002960.jpg 1 34 32 108 154  
002961.jpg 1 34 32 108 154  
002962.jpg 1 34 32 108 154  
002963.jpg 1 34 32 108 154  
002964.jpg 1 34 32 108 154  
002965.jpg 1 34 32 108 154  
002966.jpg 1 34 32 108 154  
002967.jpg 1 34 32 108 154  
002968.jpg 1 34 32 108 154  
002969.jpg 1 34 32 108 154  
002970.jpg 1 34 32 108 154  
002971.jpg 1 34 32 108 154  
002972.jpg 1 34 32 108 154  
002973.jpg 1 34 32 108 154  
002974.jpg 1 34 32 108 154  
002975.jpg 1 34 32 108 154  
002976.jpg 1 34 32 108 154  
002977.jpg 1 34 32 108 154  
002978.jpg 1 34 32 108 154  
002979.jpg 1 34 32 108 154  
002980.jpg 1 34 32 108 154  
002981.jpg 1 34 32 108 154  
002982.jpg 1 34 32 108 154  
002983.jpg 1 34 32 108 154  
002984.jpg 1 34 32 108 154  
002985.jpg 1 34 32 108 154  
002986.jpg 1 34 32 108 154  
002987.jpg 1 34 32 108 154  
002988.jpg 1 34 32 108 154  
002989.jpg 1 34 32 108 154  
002990.jpg 1 34 32 108 154  
002991.jpg 1 34 32 108 154  
002992.jpg 1 34 32 108 154  
002993.jpg 1 34 32 108 154  
002994.jpg 1 34 32 108 154  
002995.jpg 1 34 32 108 154  
002996.jpg 1 34 32 108 154  
002997.jpg 1 34 32 108 154  
002998.jpg 1 34 32 108 154  
002999.jpg 1 34 32 108 154
003000.jpg 1 34 32 108 154  
